0	1	0	1	0	0	0	0	1	7897	23526	1	7897	23526	1	2	0
0	1	0	1	0	0	0	0	1	8153	8712	2	8153	8712	2	2	1
0	1	0	1	0	0	0	0	1	3615	11118	2	3615	11118	2	2	1
1	0	0	1	0	0	0	0	1	5745	7222	2	5745	7222	2	2	0
1	0	0	1	0	0	0	0	1	1244	12271	2	1244	12271	2	2	1
1	0	0	1	0	0	0	0	1	1434	4197	2	1434	4197	2	2	0
1	0	0	1	0	0	0	0	1	1008	11568	2	1008	11568	2	2	0
1	0	0	1	0	0	0	0	1	2623	6430	2	2623	6430	2	2	1
1	0	0	1	0	0	0	0	1	2113	4983	2	2113	4983	2	2	1
1	0	0	1	0	0	0	0	1	5638	3559	2	5638	3559	2	2	0
1	0	0	1	0	0	0	0	1	842	8983	2	842	8983	2	2	0
1	0	0	1	0	0	0	0	1	913	5142	2	913	5142	2	2	0
1	0	0	1	0	0	0	0	1	897	4598	2	897	4598	2	2	1
0	0	1	1	0	0	0	0	1	6864	4278	2	6864	4278	2	2	1
0	0	1	1	0	0	0	0	1	1241	6412	2	1241	6412	2	2	0
0	0	1	1	0	0	0	0	1	880	7504	2	880	7504	2	2	0
0	0	1	1	0	0	0	0	1	1105	2093	2	1105	2093	2	2	0
0	0	1	1	0	0	0	0	1	3562	1253	2	3562	1253	2	2	0
0	0	1	1	0	0	0	0	1	722	1623	2	722	1623	2	2	1
0	0	1	1	0	0	0	0	1	747	1542	2	747	1542	2	2	0
0	0	1	1	0	0	0	0	1	1825	1343	1	1825	1343	1	2	0
0	0	1	1	0	0	0	0	1	3721	1782	2	3721	1782	2	2	1
0	0	1	1	0	0	0	0	1	1545	8012	2	1545	8012	2	2	0
0	0	1	1	0	0	0	0	1	4545	2574	2	4545	2574	2	2	0
0	0	1	1	0	0	0	0	1	2154	2063	2	2154	2063	2	2	1
0	0	1	1	0	0	0	0	2	871	2551	2	871	2551	2	2	1
0	1	0	0	0	1	0	1	1	4794	7531	2	4794	7531	2	1	1
0	1	0	0	0	1	0	0	1	5296	9447	2	5296	9447	2	2	1
0	1	0	0	0	1	0	1	1	3714	13606	2	3714	13606	2	2	1
0	1	0	0	0	1	0	0	1	2703	5687	2	2703	5687	2	2	1
0	1	0	0	0	1	0	0	1	5016	3863	2	5016	3863	2	2	1
0	1	0	0	0	1	0	0	1	1447	6856	1	1447	6856	1	2	0
0	1	0	0	0	1	0	0	1	5145	9135	2	5145	9135	2	2	1
0	1	0	0	0	1	0	1	1	4633	4757	2	4633	4757	2	2	1
0	1	0	0	0	1	0	1	1	1233	12382	2	1233	12382	2	2	1
0	1	0	0	0	1	0	1	1	5585	9205	1	5585	9205	1	2	0
0	1	0	0	0	1	0	0	2	1744	5542	2	1744	5542	2	2	1
0	1	0	0	0	1	0	1	2	2464	2607	1	2464	2607	1	2	0
1	0	0	0	0	1	0	0	1	4576	20001	2	4576	20001	2	2	0
1	0	0	0	0	1	0	1	1	900	8893	2	900	8893	2	2	0
1	0	0	0	0	1	0	0	1	758	2240	2	758	2240	2	2	0
1	0	0	0	0	1	0	1	1	2577	8205	2	2577	8205	2	2	0
1	0	0	0	0	1	0	0	1	3138	9014	2	3138	9014	2	2	0
1	0	0	0	0	1	0	0	1	866	14319	2	866	14319	2	2	0
1	0	0	0	0	1	0	1	1	3969	2317	2	3969	2317	2	2	0
1	0	0	0	0	1	0	1	1	1899	2117	1	1899	2117	1	2	0
1	0	0	0	0	1	0	1	1	809	6479	2	809	6479	2	2	0
1	0	0	0	0	1	0	1	2	745	4206	2	745	4206	2	2	0
0	0	1	0	0	1	0	0	1	3233	3983	2	3233	3983	2	2	0
0	0	1	0	0	1	0	0	1	1076	3742	2	1076	3742	2	2	0
0	0	1	0	0	1	0	1	1	2796	10269	2	2796	10269	2	2	0
0	0	1	0	0	1	0	0	1	712	9191	2	712	9191	2	2	0
0	0	1	0	0	1	0	0	1	2185	15022	2	2185	15022	2	2	0
0	0	1	0	0	1	0	1	1	1992	1957	2	1992	1957	2	2	1
0	0	1	0	0	1	0	0	1	1233	4606	2	1233	4606	2	2	0
0	0	1	0	0	1	0	1	1	930	3358	2	930	3358	2	1	1
0	0	1	0	0	1	0	1	1	954	8758	2	954	8758	2	2	0
0	0	1	0	0	1	0	0	1	2009	1287	2	2009	1287	2	1	1
0	0	1	0	0	1	0	1	1	3305	1309	1	3305	1309	1	2	0
0	0	1	0	0	1	0	1	1	1539	7621	2	1539	7621	2	2	0
0	0	1	0	0	1	0	1	2	2989	1414	2	2989	1414	2	2	0
0	0	1	0	0	1	0	1	2	2650	1422	1	2650	1422	1	2	0
0	0	1	0	0	1	0	1	3	2372	1629	2	2372	1629	2	2	0
0	0	1	0	0	1	0	0	2	1065	862	1	1065	862	1	2	0
0	0	1	0	0	1	0	0	3	841	768	2	841	768	2	2	0
0	1	0	0	1	0	0	0	1	7400	6790	2	7400	6790	2	2	1
0	1	0	0	1	0	1	0	1	4319	5145	2	4319	5145	2	2	1
0	1	0	0	1	0	0	0	1	2433	6350	2	2433	6350	2	2	1
0	1	0	0	1	0	1	0	1	1524	8034	2	1524	8034	2	1	1
0	1	0	0	1	0	1	0	1	1214	7401	2	1214	7401	2	2	1
0	1	0	0	1	0	1	0	1	1379	3687	2	1379	3687	2	2	1
0	1	0	0	1	0	0	0	1	1296	1254	2	1296	1254	2	2	1
0	1	0	0	1	0	0	0	1	794	1958	2	794	1958	2	2	1
0	1	0	0	1	0	1	0	1	2390	5208	2	2390	5208	2	2	1
0	1	0	0	1	0	0	0	1	1488	999	2	1488	999	2	2	1
0	1	0	0	1	0	1	0	1	1368	5158	2	1368	5158	2	1	1
0	1	0	0	1	0	1	0	2	7077	6820	1	7077	6820	1	2	0
0	1	0	0	1	0	1	0	3	5531	21581	2	5531	21581	2	2	1
0	1	0	0	1	0	1	0	2	1137	17078	1	1137	17078	1	2	0
1	0	0	0	1	0	0	0	1	7569	8134	2	7569	8134	2	2	0
1	0	0	0	1	0	0	0	1	1724	6854	2	1724	6854	2	2	0
1	0	0	0	1	0	0	0	1	778	7431	2	778	7431	2	2	0
1	0	0	0	1	0	1	0	1	1048	17648	2	1048	17648	2	2	1
1	0	0	0	1	0	0	0	1	1104	6111	2	1104	6111	2	2	1
1	0	0	0	1	0	1	0	1	1701	8378	1	1701	8378	1	2	0
1	0	0	0	1	0	0	0	1	1205	3590	2	1205	3590	2	2	1
1	0	0	0	1	0	0	0	1	888	942	2	888	942	2	2	0
1	0	0	0	1	0	1	0	1	1481	5590	2	1481	5590	2	2	1
1	0	0	0	1	0	1	0	1	1432	11455	2	1432	11455	2	2	0
1	0	0	0	1	0	1	0	1	1202	15067	2	1202	15067	2	2	0
1	0	0	0	1	0	1	0	1	2651	2815	2	2651	2815	2	2	0
1	0	0	0	1	0	1	0	2	5409	2476	2	5409	2476	2	2	0
0	0	1	0	1	0	1	0	1	3728	7789	2	3728	7789	2	2	1
0	0	1	0	1	0	0	0	1	1230	3806	2	1230	3806	2	2	0
0	0	1	0	1	0	1	0	1	1898	7389	2	1898	7389	2	2	0
0	0	1	0	1	0	1	0	1	1638	7409	2	1638	7409	2	2	0
0	0	1	0	1	0	0	0	1	2083	2867	2	2083	2867	2	2	0
0	0	1	0	1	0	1	0	1	2403	3644	2	2403	3644	2	2	0
0	0	1	0	1	0	0	0	1	6193	2046	2	6193	2046	2	2	1
0	0	1	0	1	0	1	0	1	3864	11167	2	3864	11167	2	2	0
0	0	1	0	1	0	0	0	1	1866	1550	2	1866	1550	2	2	0
0	0	1	0	1	0	0	0	1	2088	2295	2	2088	2295	2	2	0
0	0	1	0	1	0	1	0	1	4175	8384	2	4175	8384	2	2	1
0	0	1	0	1	0	0	0	1	1623	4800	2	1623	4800	2	2	0
0	1	0	1	0	0	0	0	1	4667	20186	1	4667	20186	1	1	1
0	1	0	1	0	0	0	0	1	1351	9805	1	1351	9805	1	1	1
0	1	0	1	0	0	0	0	2	2493	3730	1	2493	3730	1	2	0
0	1	0	1	0	0	0	0	1	1684	8972	1	1684	8972	1	2	0
0	1	0	1	0	0	0	0	1	1433	20267	1	1433	20267	1	1	1
0	1	0	1	0	0	0	0	2	2554	14590	1	2554	14590	1	2	0
0	1	0	1	0	0	0	0	1	1314	10349	1	1314	10349	1	2	0
0	0	1	1	0	0	0	0	1	5740	4554	1	5740	4554	1	2	0
0	0	1	1	0	0	0	0	1	648	1949	1	648	1949	1	2	0
0	0	1	1	0	0	0	0	1	1517	6955	1	1517	6955	1	1	1
0	0	1	1	0	0	0	0	1	1592	8739	1	1592	8739	1	1	1
0	0	1	1	0	0	0	0	1	1435	5085	1	1435	5085	1	1	1
0	0	1	1	0	0	0	0	1	1721	21531	1	1721	21531	1	1	1
0	0	1	1	0	0	0	0	1	1381	14540	1	1381	14540	1	1	1
0	0	1	1	0	0	0	0	2	3352	17298	1	3352	17298	1	1	1
0	0	1	1	0	0	0	0	2	3797	5646	1	3797	5646	1	1	1
0	0	1	1	0	0	0	0	2	2559	1147	1	2559	1147	1	2	0
0	0	1	1	0	0	0	0	2	4416	4891	1	4416	4891	1	2	0
0	0	1	1	0	0	0	0	2	1733	3306	1	1733	3306	1	2	0
0	0	1	1	0	0	0	0	3	14715	2374	1	14715	2374	1	2	0
0	0	1	1	0	0	0	0	3	2900	1123	1	2900	1123	1	2	0
1	0	0	1	0	0	0	0	1	1303	4286	1	1303	4286	1	3	0
1	0	0	1	0	0	0	0	1	1763	3878	1	1763	3878	1	1	1
1	0	0	1	0	0	0	0	1	1195	8752	2	1195	8752	2	2	0
1	0	0	1	0	0	0	0	1	1247	1359	1	1247	1359	1	3	0
1	0	0	1	0	0	0	0	1	1554	3176	1	1554	3176	1	1	1
1	0	0	1	0	0	0	0	1	1215	2967	2	1215	2967	2	2	0
1	0	0	1	0	0	0	0	1	2927	8648	1	2927	8648	1	1	1
1	0	0	1	0	0	0	0	2	2186	1446	1	2186	1446	1	2	0
1	0	0	1	0	0	0	0	2	1335	2032	1	1335	2032	1	1	1
1	0	0	1	0	0	0	0	2	4530	2510	1	4530	2510	1	1	1
1	0	0	1	0	0	0	0	3	2895	1072	2	2895	1072	2	2	0
1	0	0	1	0	0	0	0	3	3274	758	1	3274	758	1	2	0
1	0	0	1	0	0	0	0	3	1328	1440	1	1328	1440	1	2	0
1	0	0	1	0	0	0	0	4	3745	911	2	3745	911	2	2	0
1	0	0	1	0	0	0	0	4	5622	1567	2	5622	1567	2	2	1
0	1	0	0	1	0	0	0	1	3689	8270	1	3689	8270	1	1	1
0	1	0	0	1	0	1	0	1	2781	14609	1	2781	14609	1	1	1
0	1	0	0	1	0	0	0	1	1491	6334	1	1491	6334	1	1	1
0	1	0	0	1	0	1	0	1	1906	18398	1	1906	18398	1	1	1
0	1	0	0	1	0	1	0	1	1614	10568	1	1614	10568	1	2	0
0	1	0	0	1	0	1	0	1	3730	15343	1	3730	15343	1	1	1
0	1	0	0	1	0	0	0	2	2550	3679	1	2550	3679	1	1	1
0	1	0	0	1	0	1	0	2	5297	7909	1	5297	7909	1	1	1
0	1	0	0	1	0	0	0	2	2217	2286	1	2217	2286	1	1	1
0	1	0	0	1	0	0	0	1	6186	14814	1	6186	14814	1	1	1
0	1	0	0	1	0	1	0	2	4378	6308	1	4378	6308	1	1	1
0	0	1	0	1	0	1	0	1	3358	10008	1	3358	10008	1	2	0
0	0	1	0	1	0	0	0	1	1310	5543	1	1310	5543	1	2	0
0	0	1	0	1	0	1	0	1	2377	18935	1	2377	18935	1	1	1
0	0	1	0	1	0	1	0	1	1785	6695	1	1785	6695	1	1	1
0	0	1	0	1	0	0	0	1	1771	8014	1	1771	8014	1	2	0
0	0	1	0	1	0	1	0	1	1300	16092	1	1300	16092	1	1	1
0	0	1	0	1	0	0	0	1	1258	8054	1	1258	8054	1	1	1
0	0	1	0	1	0	1	0	1	2935	22305	1	2935	22305	1	1	1
0	0	1	0	1	0	1	0	2	2130	6284	1	2130	6284	1	2	0
0	0	1	0	1	0	1	0	2	1860	11652	1	1860	11652	1	2	0
1	0	0	0	1	0	1	0	1	1104	2487	2	1104	2487	2	3	0
1	0	0	0	1	0	0	0	1	1073	1934	2	1073	1934	2	3	0
1	0	0	0	1	0	1	0	1	1293	2604	1	1293	2604	1	2	0
1	0	0	0	1	0	1	0	1	1038	6672	1	1038	6672	1	2	0
1	0	0	0	1	0	1	0	2	1859	1666	2	1859	1666	2	2	0
1	0	0	0	1	0	1	0	2	1225	1590	2	1225	1590	2	2	0
0	1	0	0	0	1	0	0	1	2204	7574	1	2204	7574	1	1	1
0	1	0	0	0	1	0	1	1	1259	12109	1	1259	12109	1	1	1
0	1	0	0	0	1	0	0	1	2472	10815	1	2472	10815	1	1	1
0	1	0	0	0	1	0	1	1	1369	7909	1	1369	7909	1	1	1
0	1	0	0	0	1	0	0	1	1074	14461	1	1074	14461	1	1	1
0	1	0	0	0	1	0	1	1	1201	7542	1	1201	7542	1	1	1
0	1	0	0	0	1	0	0	2	1257	2718	1	1257	2718	1	2	0
0	1	0	0	0	1	0	1	2	3584	1742	1	3584	1742	1	2	0
0	1	0	0	0	1	0	0	2	3050	2807	1	3050	2807	1	1	1
0	1	0	0	0	1	0	1	1	2226	17493	1	2226	17493	1	1	1
0	1	0	0	0	1	0	1	2	1555	4260	1	1555	4260	1	1	1
0	0	1	0	0	1	0	1	1	1107	9773	1	1107	9773	1	2	0
0	0	1	0	0	1	0	0	1	1367	11248	1	1367	11248	1	1	1
0	0	1	0	0	1	0	1	1	1161	17309	1	1161	17309	1	2	0
0	0	1	0	0	1	0	0	1	2017	9798	1	2017	9798	1	2	0
0	0	1	0	0	1	0	1	1	1178	9494	1	1178	9494	1	1	1
1	0	0	0	0	1	0	0	1	4201	2670	2	4201	2670	2	2	1
1	0	0	0	0	1	0	0	1	2264	1831	1	2264	1831	1	1	1
1	0	0	0	0	1	0	1	1	1373	5028	1	1373	5028	1	2	0
1	0	0	0	0	1	0	1	1	1443	2845	1	1443	2845	1	2	0
1	0	0	0	0	1	0	0	2	2728	3917	1	2728	3917	1	2	0
1	0	0	0	0	1	0	1	2	2051	957	2	2051	957	2	3	0
1	0	0	0	0	1	0	1	2	2579	3452	2	2579	3452	2	2	1
1	0	0	0	0	1	0	0	3	1434	1445	2	1434	1445	2	2	0
0	1	0	1	0	0	0	0	1	4449	4910	1	4449	4910	1	1	1
0	1	0	1	0	0	0	0	1	2216	6957	2	2216	6957	2	2	1
0	1	0	1	0	0	0	0	1	2329	1223	1	2329	1223	1	1	1
0	1	0	1	0	0	0	0	1	1433	2263	1	1433	2263	1	1	1
0	1	0	1	0	0	0	0	1	1209	3774	1	1209	3774	1	1	1
0	1	0	1	0	0	0	0	1	1255	6086	1	1255	6086	1	1	1
0	1	0	1	0	0	0	0	1	1009	1711	2	1009	1711	2	1	1
0	1	0	1	0	0	0	0	1	1402	3741	1	1402	3741	1	1	1
0	1	0	1	0	0	0	0	1	992	5471	2	992	5471	2	1	1
0	1	0	1	0	0	0	0	2	1551	4095	1	1551	4095	1	1	1
0	1	0	1	0	0	0	0	2	2265	3446	1	2265	3446	1	1	1
0	1	0	1	0	0	0	0	2	1857	1224	1	1857	1224	1	1	1
0	1	0	1	0	0	0	0	2	2305	1374	1	2305	1374	1	2	0
0	1	0	1	0	0	0	0	2	2185	2021	1	2185	2021	1	1	1
0	1	0	1	0	0	0	0	2	2307	3293	1	2307	3293	1	1	1
0	1	0	1	0	0	0	0	3	6442	6374	1	6442	6374	1	2	0
0	1	0	1	0	0	0	0	3	3186	3157	1	3186	3157	1	1	1
0	1	0	1	0	0	0	0	3	6426	7765	1	6426	7765	1	1	1
0	1	0	1	0	0	0	0	3	2560	2253	2	2560	2253	2	2	1
0	1	0	1	0	0	0	0	3	2663	1542	1	2663	1542	1	1	1
0	1	0	1	0	0	0	0	3	5866	1871	1	5866	1871	1	2	0
0	1	0	1	0	0	0	0	4	2170	1846	2	2170	1846	2	2	1
0	1	0	1	0	0	0	0	4	6266	2301	1	6266	2301	1	2	0
0	1	0	1	0	0	0	0	4	7031	3990	1	7031	3990	1	1	1
0	1	0	1	0	0	0	0	4	5153	2253	1	5153	2253	1	1	1
0	1	0	1	0	0	0	0	5	2417	1047	1	2417	1047	1	2	0
0	1	0	1	0	0	0	0	5	1049	1751	1	1049	1751	1	2	0
0	1	0	1	0	0	0	0	2	3541	2887	1	3541	2887	1	2	0
0	0	1	1	0	0	0	0	1	9488	7031	1	9488	7031	1	2	0
0	0	1	1	0	0	0	0	1	1911	8503	1	1911	8503	1	2	0
0	0	1	1	0	0	0	0	1	10191	2367	1	10191	2367	1	3	0
0	0	1	1	0	0	0	0	1	3841	1814	1	3841	1814	1	1	1
0	0	1	1	0	0	0	0	1	1767	1046	1	1767	1046	1	1	1
0	0	1	1	0	0	0	0	1	1286	1855	1	1286	1855	1	1	1
0	0	1	1	0	0	0	0	1	4646	4415	1	4646	4415	1	2	0
0	0	1	1	0	0	0	0	1	1407	1838	1	1407	1838	1	1	1
0	0	1	1	0	0	0	0	1	1190	663	1	1190	663	1	1	1
0	0	1	1	0	0	0	0	1	1862	5967	1	1862	5967	1	1	1
0	0	1	1	0	0	0	0	1	6039	4840	2	6039	4840	2	3	0
0	0	1	1	0	0	0	0	2	4886	792	2	4886	792	2	3	0
0	0	1	1	0	0	0	0	2	950	1965	1	950	1965	1	2	0
0	0	1	1	0	0	0	0	2	2789	2015	1	2789	2015	1	1	1
0	0	1	1	0	0	0	0	2	4876	4121	1	4876	4121	1	2	0
0	0	1	1	0	0	0	0	2	1869	2391	2	1869	2391	2	3	0
0	0	1	1	0	0	0	0	2	3854	6864	1	3854	6864	1	2	0
0	0	1	1	0	0	0	0	2	9365	9175	1	9365	9175	1	2	0
0	0	1	1	0	0	0	0	2	1654	5175	1	1654	5175	1	1	1
0	0	1	1	0	0	0	0	3	2911	1758	2	2911	1758	2	3	0
0	0	1	1	0	0	0	0	3	4175	1958	1	4175	1958	1	2	0
0	0	1	1	0	0	0	0	3	2103	758	2	2103	758	2	3	0
0	0	1	1	0	0	0	0	3	3679	1142	2	3679	1142	2	3	0
0	0	1	1	0	0	0	0	3	1431	2207	2	1431	2207	2	3	0
0	0	1	1	0	0	0	0	3	5685	1720	1	5685	1720	1	1	1
0	0	1	1	0	0	0	0	4	5335	1910	2	5335	1910	2	3	0
0	0	1	1	0	0	0	0	4	886	1576	1	886	1576	1	2	0
1	0	0	1	0	0	0	0	1	3193	2502	1	3193	2502	1	1	1
1	0	0	1	0	0	0	0	1	1988	3250	1	1988	3250	1	1	1
1	0	0	1	0	0	0	0	1	4550	2944	2	4550	2944	2	3	0
1	0	0	1	0	0	0	0	1	1910	5151	1	1910	5151	1	3	0
1	0	0	1	0	0	0	0	1	4440	2212	2	4440	2212	2	3	0
1	0	0	1	0	0	0	0	1	3118	3918	1	3118	3918	1	2	0
1	0	0	1	0	0	0	0	2	7269	2856	1	7269	2856	1	2	0
1	0	0	1	0	0	0	0	2	4654	2511	1	4654	2511	1	1	1
1	0	0	1	0	0	0	0	2	6615	3399	2	6615	3399	2	3	0
1	0	0	1	0	0	0	0	3	10678	736	2	10678	736	2	2	0
1	0	0	1	0	0	0	0	3	4694	1407	1	4694	1407	1	2	0
1	0	0	1	0	0	0	0	4	7862	1111	2	7862	1111	2	3	0
0	1	0	0	0	1	0	1	1	7521	11325	1	7521	11325	1	3	0
0	1	0	0	0	1	0	0	1	1410	4751	1	1410	4751	1	3	0
0	1	0	0	0	1	0	1	1	1239	5807	1	1239	5807	1	1	1
0	1	0	0	0	1	0	0	1	3647	5478	1	3647	5478	1	1	1
0	1	0	0	0	1	0	1	1	4584	1893	1	4584	1893	1	1	1
0	1	0	0	0	1	0	0	1	2829	3792	1	2829	3792	1	1	1
0	1	0	0	0	1	0	1	1	4375	2287	1	4375	2287	1	1	1
0	1	0	0	0	1	0	1	2	3399	4397	1	3399	4397	1	3	0
0	1	0	0	0	1	0	0	2	3416	14414	1	3416	14414	1	1	1
0	1	0	0	0	1	0	1	2	3656	2395	1	3656	2395	1	1	1
0	1	0	0	0	1	0	0	2	2223	2980	1	2223	2980	1	1	1
0	1	0	0	0	1	0	1	2	7256	1700	1	7256	1700	1	1	1
0	1	0	0	0	1	0	1	1	4018	3019	1	4018	3019	1	1	1
0	1	0	0	0	1	0	0	1	3773	2116	1	3773	2116	1	1	1
0	1	0	0	0	1	0	0	3	4670	2279	1	4670	2279	1	1	1
0	1	0	0	0	1	0	1	3	7457	1284	1	7457	1284	1	2	0
0	1	0	0	0	1	0	0	3	2470	1855	1	2470	1855	1	1	1
0	0	1	0	0	1	0	1	1	1496	1750	1	1496	1750	1	1	1
0	0	1	0	0	1	0	0	1	1517	1384	1	1517	1384	1	1	1
0	0	1	0	0	1	0	1	1	4855	7944	1	4855	7944	1	1	1
0	0	1	0	0	1	0	0	1	1735	2165	1	1735	2165	1	1	1
0	0	1	0	0	1	0	1	1	1632	6814	1	1632	6814	1	3	0
0	0	1	0	0	1	0	1	1	1632	2846	1	1632	2846	1	1	1
0	0	1	0	0	1	0	0	1	2014	1583	1	2014	1583	1	1	1
0	0	1	0	0	1	0	1	1	9815	5365	1	9815	5365	1	1	1
0	0	1	0	0	1	0	1	2	8422	1535	1	8422	1535	1	1	1
0	0	1	0	0	1	0	0	2	2493	1366	1	2493	1366	1	2	0
0	0	1	0	0	1	0	1	2	6432	934	1	6432	934	1	1	1
0	0	1	0	0	1	0	0	2	5655	1445	1	5655	1445	1	2	0
0	0	1	0	0	1	0	0	2	3414	1533	1	3414	1533	1	1	1
0	0	1	0	0	1	0	1	2	2712	1917	1	2712	1917	1	3	0
0	0	1	0	0	1	0	1	2	3679	1582	1	3679	1582	1	3	0
0	0	1	0	0	1	0	1	3	9920	2350	1	9920	2350	1	3	0
0	0	1	0	0	1	0	1	3	1986	4268	1	1986	4268	1	1	1
0	0	1	0	0	1	0	0	3	2343	1230	2	2343	1230	2	2	1
0	0	1	0	0	1	0	0	3	4703	1902	1	4703	1902	1	1	1
0	0	1	0	0	1	0	0	3	1408	1838	2	1408	1838	2	3	0
0	0	1	0	0	1	0	1	4	10681	1563	1	10681	1563	1	2	0
0	0	1	0	0	1	0	0	4	4566	1638	1	4566	1638	1	2	0
0	0	1	0	0	1	0	1	5	6223	1509	2	6223	1509	2	2	0
0	0	1	0	0	1	0	0	5	1765	1128	2	1765	1128	2	2	0
1	0	0	0	0	1	0	0	1	6639	3327	2	6639	3327	2	3	0
1	0	0	0	0	1	0	0	1	2189	2704	1	2189	2704	1	1	1
1	0	0	0	0	1	0	1	1	1633	3437	2	1633	3437	2	3	0
1	0	0	0	0	1	0	1	1	4110	1966	1	4110	1966	1	1	1
1	0	0	0	0	1	0	0	2	12613	1847	1	12613	1847	1	1	1
1	0	0	0	0	1	0	1	2	2718	1750	1	2718	1750	1	1	1
1	0	0	0	0	1	0	0	3	3047	1022	1	3047	1022	1	2	0
1	0	0	0	0	1	0	1	3	7536	1565	1	7536	1565	1	2	0
1	0	0	0	0	1	0	0	4	1191	1878	2	1191	1878	2	3	0
1	0	0	0	0	1	0	1	4	6648	728	2	6648	728	2	3	0
0	1	0	0	1	0	0	0	1	3487	4631	2	3487	4631	2	2	1
0	1	0	0	1	0	1	0	1	3336	7718	1	3336	7718	1	1	1
0	1	0	0	1	0	0	0	1	2183	4447	2	2183	4447	2	2	1
0	1	0	0	1	0	1	0	1	2392	6366	2	2392	6366	2	2	1
0	1	0	0	1	0	1	0	1	1317	5776	1	1317	5776	1	1	1
0	1	0	0	1	0	1	0	1	1451	3592	1	1451	3592	1	1	1
0	1	0	0	1	0	0	0	1	2574	5847	1	2574	5847	1	1	1
0	1	0	0	1	0	0	0	1	1438	2447	1	1438	2447	1	1	1
0	1	0	0	1	0	0	0	1	1478	6630	1	1478	6630	1	1	1
0	1	0	0	1	0	1	0	2	2305	8172	1	2305	8172	1	2	0
0	1	0	0	1	0	1	0	2	2658	2938	1	2658	2938	1	2	0
0	1	0	0	1	0	1	0	2	2441	6379	1	2441	6379	1	1	1
0	1	0	0	1	0	0	0	2	1655	8071	1	1655	8071	1	1	1
0	1	0	0	1	0	0	0	2	1239	5783	1	1239	5783	1	1	1
0	1	0	0	1	0	0	0	2	4039	3798	1	4039	3798	1	3	0
0	1	0	0	1	0	1	0	3	2232	3597	2	2232	3597	2	3	0
0	1	0	0	1	0	1	0	3	6064	5541	2	6064	5541	2	2	1
0	1	0	0	1	0	1	0	3	2680	1765	1	2680	1765	1	3	0
0	1	0	0	1	0	0	0	3	4174	1655	1	4174	1655	1	1	1
0	1	0	0	1	0	0	0	3	4054	1335	1	4054	1335	1	3	0
0	1	0	0	1	0	0	0	4	6400	2004	1	6400	2004	1	2	0
0	0	1	0	1	0	1	0	1	4240	4935	1	4240	4935	1	3	0
0	0	1	0	1	0	0	0	1	1216	3703	1	1216	3703	1	3	0
0	0	1	0	1	0	1	0	1	1388	2880	1	1388	2880	1	2	0
0	0	1	0	1	0	0	0	1	1080	2718	1	1080	2718	1	2	0
0	0	1	0	1	0	1	0	1	1304	2341	1	1304	2341	1	2	0
0	0	1	0	1	0	0	0	1	1470	5518	1	1470	5518	1	1	1
0	0	1	0	1	0	1	0	1	1126	2912	1	1126	2912	1	2	0
0	0	1	0	1	0	0	0	1	1430	4311	1	1430	4311	1	2	0
0	0	1	0	1	0	1	0	1	2068	7913	2	2068	7913	2	2	1
0	0	1	0	1	0	1	0	2	4744	1316	2	4744	1316	2	3	0
0	0	1	0	1	0	0	0	2	2239	1503	2	2239	1503	2	3	0
0	0	1	0	1	0	1	0	2	1422	878	2	1422	878	2	3	0
0	0	1	0	1	0	0	0	2	4391	1631	1	4391	1631	1	1	1
0	0	1	0	1	0	1	0	2	6443	4723	2	6443	4723	2	3	0
0	0	1	0	1	0	0	0	2	2501	3327	2	2501	3327	2	3	0
0	0	1	0	1	0	0	0	3	3376	3093	1	3376	3093	1	2	0
0	0	1	0	1	0	0	0	4	3525	1344	2	3525	1344	2	1	1
0	0	1	0	1	0	0	0	5	6261	2382	1	6261	2382	1	3	0
1	0	0	0	1	0	0	0	1	15337	2934	2	15337	2934	2	3	0
1	0	0	0	1	0	0	0	1	1037	4375	2	1037	4375	2	3	0
1	0	0	0	1	0	1	0	1	2807	3559	1	2807	3559	1	1	1
1	0	0	0	1	0	0	0	1	1335	4607	2	1335	4607	2	3	0
1	0	0	0	1	0	1	0	1	2355	5274	1	2355	5274	1	1	1
1	0	0	0	1	0	0	0	1	1350	4208	1	1350	4208	1	3	0
1	0	0	0	1	0	0	0	1	3709	3824	2	3709	3824	2	3	0
1	0	0	0	1	0	1	0	2	1337	3141	1	1337	3141	1	2	0
1	0	0	0	1	0	1	0	2	1272	4646	1	1272	4646	1	2	0
1	0	0	0	1	0	1	0	3	1712	1053	2	1712	1053	2	3	0
1	0	0	0	1	0	1	0	3	1302	2303	2	1302	2303	2	3	0
0	0	1	1	0	0	0	0	1	2753	3405	2	2753	3405	2	1	1
0	0	1	1	0	0	0	0	1	904	1414	2	904	1414	2	1	1
0	0	1	1	0	0	0	0	1	664	1325	2	664	1325	2	1	1
0	0	1	1	0	0	0	0	1	760	1998	2	760	1998	2	1	1
0	0	1	1	0	0	0	0	1	1022	1422	2	1022	1422	2	1	1
0	0	1	1	0	0	0	0	1	1679	2263	2	1679	2263	2	1	1
0	0	1	1	0	0	0	0	1	1613	2549	2	1613	2549	2	3	0
0	0	1	1	0	0	0	0	1	990	2006	2	990	2006	2	3	0
0	0	1	1	0	0	0	0	1	1495	1391	2	1495	1391	2	1	1
0	0	1	1	0	0	0	0	1	1789	3165	2	1789	3165	2	3	0
0	0	1	1	0	0	0	0	1	1396	1903	2	1396	1903	2	1	1
0	0	1	1	0	0	0	0	1	982	2879	2	982	2879	2	1	1
0	0	1	1	0	0	0	0	2	1655	2302	1	1655	2302	1	3	0
0	0	1	1	0	0	0	0	2	2022	1775	1	2022	1775	1	3	0
0	0	1	1	0	0	0	0	2	1030	919	1	1030	919	1	1	1
0	0	1	1	0	0	0	0	3	1606	1101	1	1606	1101	1	1	1
0	0	1	1	0	0	0	0	4	1804	1087	1	1804	1087	1	1	1
0	0	1	1	0	0	0	0	2	1247	847	1	1247	847	1	1	1
0	0	1	1	0	0	0	0	3	1670	983	1	1670	983	1	1	1
0	0	1	1	0	0	0	0	5	2349	1752	1	2349	1752	1	2	0
0	0	1	1	0	0	0	0	4	1652	1817	1	1652	1817	1	3	0
0	0	1	1	0	0	0	0	6	1389	3615	2	1389	3615	2	2	1
0	0	1	1	0	0	0	0	2	1421	1760	1	1421	1760	1	1	1
0	0	1	1	0	0	0	0	2	1053	2015	1	1053	2015	1	1	1
0	0	1	1	0	0	0	0	3	1639	1446	1	1639	1446	1	1	1
0	0	1	1	0	0	0	0	3	1494	1365	1	1494	1365	1	2	0
0	0	1	1	0	0	0	0	4	2918	5174	1	2918	5174	1	2	0
0	0	1	1	0	0	0	0	4	2263	1782	2	2263	1782	2	3	0
0	0	1	1	0	0	0	0	5	2903	1478	2	2903	1478	2	3	0
0	0	1	1	0	0	0	0	2	1391	1414	1	1391	1414	1	3	0
0	0	1	1	0	0	0	0	2	2736	1381	1	2736	1381	1	1	1
0	0	1	1	0	0	0	0	3	1238	1823	1	1238	1823	1	1	1
0	0	1	1	0	0	0	0	2	1838	1421	1	1838	1421	1	3	0
0	0	1	1	0	0	0	0	4	1535	1238	1	1535	1238	1	2	0
0	0	1	1	0	0	0	0	5	1167	1005	2	1167	1005	2	1	1
0	0	1	1	0	0	0	0	6	774	2510	1	774	2510	1	3	0
1	0	0	1	0	0	0	0	1	3182	1375	2	3182	1375	2	1	1
1	0	0	1	0	0	0	0	1	1311	3790	2	1311	3790	2	1	1
1	0	0	1	0	0	0	0	1	1781	2294	2	1781	2294	2	1	1
1	0	0	1	0	0	0	0	1	1599	1966	2	1599	1966	2	3	0
1	0	0	1	0	0	0	0	1	1151	1094	1	1151	1094	1	1	1
1	0	0	1	0	0	0	0	1	1014	2877	1	1014	2877	1	2	0
1	0	0	1	0	0	0	0	1	2485	3759	1	2485	3759	1	1	1
1	0	0	1	0	0	0	0	1	1103	1767	1	1103	1767	1	2	0
1	0	0	1	0	0	0	0	1	967	1998	2	967	1998	2	3	0
1	0	0	1	0	0	0	0	1	1153	3551	1	1153	3551	1	1	1
1	0	0	1	0	0	0	0	2	1685	1326	1	1685	1326	1	1	1
1	0	0	1	0	0	0	0	2	1279	984	2	1279	984	2	2	0
1	0	0	1	0	0	0	0	2	2757	1806	1	2757	1806	1	2	0
1	0	0	1	0	0	0	0	2	1566	975	2	1566	975	2	3	0
1	0	0	1	0	0	0	0	3	1294	1253	1	1294	1253	1	1	1
1	0	0	1	0	0	0	0	2	3164	3287	1	3164	3287	1	2	0
1	0	0	1	0	0	0	0	3	2287	1592	2	2287	1592	2	3	0
1	0	0	1	0	0	0	0	4	2045	1672	1	2045	1672	1	2	0
1	0	0	1	0	0	0	0	3	1711	998	2	1711	998	2	3	0
1	0	0	1	0	0	0	0	5	1318	1079	2	1318	1079	2	3	0
1	0	0	1	0	0	0	0	2	1382	1231	1	1382	1231	1	1	1
1	0	0	1	0	0	0	0	2	998	3623	1	998	3623	1	2	0
1	0	0	1	0	0	0	0	3	1148	1415	1	1148	1415	1	1	1
1	0	0	1	0	0	0	0	3	1022	399	2	1022	399	2	1	1
1	0	0	1	0	0	0	0	4	1919	2181	1	1919	2181	1	1	1
1	0	0	1	0	0	0	0	5	2303	894	1	2303	894	1	2	0
1	0	0	1	0	0	0	0	6	1541	704	2	1541	704	2	1	1
1	0	0	1	0	0	0	0	4	1359	1102	1	1359	1102	1	3	0
1	0	0	1	0	0	0	0	2	2398	1056	1	2398	1056	1	1	1
1	0	0	1	0	0	0	0	7	4111	942	1	4111	942	1	1	1
1	0	0	1	0	0	0	0	3	1727	2014	1	1727	2014	1	2	0
1	0	0	1	0	0	0	0	8	3014	1024	1	3014	1024	1	2	0
1	0	0	1	0	0	0	0	4	3046	935	2	3046	935	2	3	0
1	0	0	1	0	0	0	0	9	4485	2224	2	4485	2224	2	1	1
1	0	0	1	0	0	0	0	10	1319	1124	1	1319	1124	1	2	0
1	0	0	1	0	0	0	0	11	941	1592	2	941	1592	2	2	1
0	1	0	1	0	0	0	0	1	3049	3189	1	3049	3189	1	1	1
0	1	0	1	0	0	0	0	1	1663	1272	1	1663	1272	1	1	1
0	1	0	1	0	0	0	0	1	1142	1421	1	1142	1421	1	1	1
0	1	0	1	0	0	0	0	1	1596	2719	1	1596	2719	1	1	1
0	1	0	1	0	0	0	0	1	1863	2958	1	1863	2958	1	1	1
0	1	0	1	0	0	0	0	1	1391	1726	1	1391	1726	1	2	0
0	1	0	1	0	0	0	0	1	1575	1142	1	1575	1142	1	1	1
0	1	0	1	0	0	0	0	1	1079	3246	1	1079	3246	1	1	1
0	1	0	1	0	0	0	0	1	1758	2502	1	1758	2502	1	1	1
0	1	0	1	0	0	0	0	1	1007	2198	1	1007	2198	1	1	1
0	1	0	1	0	0	0	0	1	1550	3136	1	1550	3136	1	1	1
0	1	0	1	0	0	0	0	1	1191	1534	1	1191	1534	1	1	1
0	1	0	1	0	0	0	0	2	1453	1838	1	1453	1838	1	1	1
0	1	0	1	0	0	0	0	2	1575	846	1	1575	846	1	1	1
0	1	0	1	0	0	0	0	2	1830	1031	1	1830	1031	1	1	1
0	1	0	1	0	0	0	0	2	1583	1510	1	1583	1510	1	1	1
0	1	0	1	0	0	0	0	2	1445	1911	1	1445	1911	1	1	1
0	1	0	1	0	0	0	0	2	1312	1213	1	1312	1213	1	1	1
0	1	0	1	0	0	0	0	2	1124	1752	1	1124	1752	1	1	1
0	1	0	1	0	0	0	0	2	1568	1183	1	1568	1183	1	1	1
0	1	0	1	0	0	0	0	3	1095	2607	1	1095	2607	1	2	0
0	1	0	1	0	0	0	0	2	2198	1439	1	2198	1439	1	1	1
0	1	0	1	0	0	0	0	3	1311	974	1	1311	974	1	2	0
0	1	0	1	0	0	0	0	2	1821	1503	1	1821	1503	1	1	1
0	1	0	1	0	0	0	0	3	1389	929	1	1389	929	1	1	1
0	1	0	1	0	0	0	0	3	1612	2615	1	1612	2615	1	1	1
0	1	0	1	0	0	0	0	2	1615	3654	1	1615	3654	1	1	1
0	1	0	1	0	0	0	0	3	2167	2102	1	2167	2102	1	1	1
0	1	0	1	0	0	0	0	3	1646	2879	1	1646	2879	1	1	1
0	1	0	1	0	0	0	0	3	2398	3935	1	2398	3935	1	2	0
0	1	0	1	0	0	0	0	3	2526	1439	1	2526	1439	1	1	1
0	1	0	1	0	0	0	0	3	3063	4862	1	3063	4862	1	1	1
0	1	0	1	0	0	0	0	3	3350	2182	1	3350	2182	1	2	0
0	1	0	1	0	0	0	0	4	1926	1056	1	1926	1056	1	1	1
0	1	0	1	0	0	0	0	4	1639	3206	1	1639	3206	1	2	0
0	1	0	1	0	0	0	0	3	1311	2359	1	1311	2359	1	1	1
0	1	0	1	0	0	0	0	4	1983	1558	1	1983	1558	1	1	1
0	1	0	1	0	0	0	0	4	2727	3062	1	2727	3062	1	1	1
0	1	0	1	0	0	0	0	4	2718	4591	1	2718	4591	1	1	1
0	1	0	1	0	0	0	0	4	2149	3918	1	2149	3918	1	1	1
0	1	0	1	0	0	0	0	5	2214	1384	1	2214	1384	1	2	0
0	1	0	1	0	0	0	0	4	1776	4254	1	1776	4254	1	1	1
0	1	0	1	0	0	0	0	5	1535	4047	1	1535	4047	1	1	1
0	1	0	1	0	0	0	0	5	2845	7792	1	2845	7792	1	2	0
0	0	1	0	0	1	0	0	1	3776	1525	1	3776	1525	1	2	0
0	0	1	0	0	1	0	0	1	2043	1254	1	2043	1254	1	1	1
0	0	1	0	0	1	0	1	1	2192	2468	1	2192	2468	1	1	1
0	0	1	0	0	1	0	0	1	2654	2006	1	2654	2006	1	1	1
0	0	1	0	0	1	0	0	1	2316	2047	1	2316	2047	1	1	1
0	0	1	0	0	1	0	1	1	1857	1173	1	1857	1173	1	1	1
0	0	1	0	0	1	0	0	1	2813	1496	1	2813	1496	1	1	1
0	0	1	0	0	1	0	1	1	1823	1654	1	1823	1654	1	1	1
0	0	1	0	0	1	0	1	1	2255	2029	1	2255	2029	1	1	1
0	0	1	0	0	1	0	0	1	1071	1087	1	1071	1087	1	1	1
0	0	1	0	0	1	0	1	1	1447	1908	1	1447	1908	1	2	0
0	0	1	0	0	1	0	1	1	1000	1876	1	1000	1876	1	1	1
0	0	1	0	0	1	0	0	2	1991	1550	2	1991	1550	2	2	1
0	0	1	0	0	1	0	0	2	2109	790	1	2109	790	1	1	1
0	0	1	0	0	1	0	1	2	2135	1549	1	2135	1549	1	1	1
0	0	1	0	0	1	0	0	2	1600	1813	1	1600	1813	1	2	0
0	0	1	0	0	1	0	1	2	3976	1852	1	3976	1852	1	1	1
0	0	1	0	0	1	0	0	2	1367	1662	1	1367	1662	1	1	1
0	0	1	0	0	1	0	0	2	1366	5087	1	1366	5087	1	1	1
0	0	1	0	0	1	0	1	2	1368	2691	1	1368	2691	1	2	0
0	0	1	0	0	1	0	1	2	2054	2431	1	2054	2431	1	1	1
0	0	1	0	0	1	0	1	2	2495	1645	1	2495	1645	1	2	0
0	0	1	0	0	1	0	0	3	1734	1007	1	1734	1007	1	1	1
0	0	1	0	0	1	0	0	2	1943	3957	1	1943	3957	1	2	0
0	0	1	0	0	1	0	1	2	2259	954	2	2259	954	2	2	0
0	0	1	0	0	1	0	1	3	3053	2749	1	3053	2749	1	2	0
0	0	1	0	0	1	0	0	3	5286	3190	2	5286	3190	2	3	0
0	0	1	0	0	1	0	1	3	2384	1501	1	2384	1501	1	1	1
0	0	1	0	0	1	0	0	3	2318	6054	1	2318	6054	1	1	1
0	0	1	0	0	1	0	0	3	2255	2349	1	2255	2349	1	2	0
0	0	1	0	0	1	0	1	3	1432	1317	2	1432	1317	2	3	0
0	0	1	0	0	1	0	1	3	2040	1829	1	2040	1829	1	3	0
0	0	1	0	0	1	0	1	3	1968	812	2	1968	812	2	3	0
0	0	1	0	0	1	0	0	4	2784	1158	1	2784	1158	1	2	0
0	0	1	0	0	1	0	0	3	1446	1669	2	1446	1669	2	3	0
0	0	1	0	0	1	0	1	4	2008	836	2	2008	836	2	3	0
0	0	1	0	0	1	0	1	4	1767	1062	1	1767	1062	1	1	1
0	0	1	0	0	1	0	0	4	2407	4966	1	2407	4966	1	3	0
0	0	1	0	0	1	0	0	4	1894	880	2	1894	880	2	3	0
0	0	1	0	0	1	0	0	5	1463	1438	2	1463	1438	2	2	0
0	0	1	0	0	1	0	1	5	1920	1068	1	1920	1068	1	2	0
0	0	1	0	0	1	0	1	6	1638	495	2	1638	495	2	1	1
0	0	1	0	0	1	0	1	7	2519	1246	1	2519	1246	1	1	1
0	0	1	0	0	1	0	1	8	1131	1955	1	1131	1955	1	2	0
0	0	1	0	0	1	0	1	9	1720	659	2	1720	659	2	2	0
1	0	0	0	0	1	0	0	1	3096	1798	1	3096	1798	1	1	1
1	0	0	0	0	1	0	1	1	1118	2141	1	1118	2141	1	1	1
1	0	0	0	0	1	0	0	1	1045	1431	2	1045	1431	2	1	1
1	0	0	0	0	1	0	1	1	1064	1780	1	1064	1780	1	2	0
1	0	0	0	0	1	0	0	1	1374	1438	1	1374	1438	1	1	1
1	0	0	0	0	1	0	1	1	992	1661	1	992	1661	1	2	0
1	0	0	0	0	1	0	1	1	913	1684	1	913	1684	1	1	1
1	0	0	0	0	1	0	1	1	1528	1949	1	1528	1949	1	2	0
1	0	0	0	0	1	0	0	1	925	4878	2	925	4878	2	3	0
1	0	0	0	0	1	0	0	2	1463	1623	1	1463	1623	1	1	1
1	0	0	0	0	1	0	1	2	2025	3220	1	2025	3220	1	2	0
1	0	0	0	0	1	0	1	2	1087	726	2	1087	726	2	2	0
1	0	0	0	0	1	0	1	2	2463	902	2	2463	902	2	2	1
1	0	0	0	0	1	0	0	2	1462	4639	1	1462	4639	1	1	1
1	0	0	0	0	1	0	1	2	2751	2838	1	2751	2838	1	2	0
1	0	0	0	0	1	0	0	3	1662	1046	1	1662	1046	1	1	1
1	0	0	0	0	1	0	1	2	1568	493	2	1568	493	2	2	0
1	0	0	0	0	1	0	1	3	3607	877	2	3607	877	2	1	1
1	0	0	0	0	1	0	0	3	3878	1142	1	3878	1142	1	2	0
1	0	0	0	0	1	0	1	3	1279	702	2	1279	702	2	2	0
1	0	0	0	0	1	0	0	4	3830	856	1	3830	856	1	2	0
1	0	0	0	0	1	0	0	4	3254	590	2	3254	590	2	2	0
1	0	0	0	0	1	0	0	5	1431	550	2	1431	550	2	2	1
1	0	0	0	0	1	0	1	4	3824	981	1	3824	981	1	3	0
1	0	0	0	0	1	0	0	2	3143	1774	1	3143	1774	1	2	0
1	0	0	0	0	1	0	0	3	1703	974	2	1703	974	2	2	0
0	1	0	0	0	1	0	1	1	3033	5622	1	3033	5622	1	1	1
0	1	0	0	0	1	0	0	1	2143	1638	1	2143	1638	1	1	1
0	1	0	0	0	1	0	1	1	1026	1259	1	1026	1259	1	1	1
0	1	0	0	0	1	0	0	1	1358	2719	1	1358	2719	1	1	1
0	1	0	0	0	1	0	1	1	950	2334	1	950	2334	1	1	1
0	1	0	0	0	1	0	0	1	1063	4389	1	1063	4389	1	2	0
0	1	0	0	0	1	0	0	1	1312	7230	1	1312	7230	1	1	1
0	1	0	0	0	1	0	1	1	2334	2685	1	2334	2685	1	1	1
0	1	0	0	0	1	0	1	1	1840	4741	1	1840	4741	1	1	1
0	1	0	0	0	1	0	0	1	2869	4856	1	2869	4856	1	1	1
0	1	0	0	0	1	0	1	2	1584	10309	1	1584	10309	1	1	1
0	1	0	0	0	1	0	0	2	1519	5990	1	1519	5990	1	2	0
0	1	0	0	0	1	0	0	2	1639	7767	1	1639	7767	1	1	1
0	1	0	0	0	1	0	1	2	2480	4550	1	2480	4550	1	2	0
0	1	0	0	0	1	0	1	2	1392	3348	1	1392	3348	1	1	1
0	1	0	0	0	1	0	0	2	1198	6973	1	1198	6973	1	1	1
0	1	0	0	0	1	0	1	2	2208	6613	1	2208	6613	1	1	1
0	1	0	0	0	1	0	1	2	2448	4389	1	2448	4389	1	2	0
0	1	0	0	0	1	0	0	2	1511	8958	1	1511	8958	1	1	1
0	1	0	0	0	1	0	1	3	2471	8292	1	2471	8292	1	2	0
0	1	0	0	0	1	0	0	3	1702	2558	1	1702	2558	1	1	1
0	1	0	0	0	1	0	1	3	944	1701	1	944	1701	1	1	1
0	1	0	0	0	1	0	0	3	1190	1951	1	1190	1951	1	2	0
0	1	0	0	0	1	0	1	3	2307	10459	1	2307	10459	1	1	1
0	1	0	0	0	1	0	0	3	1623	4366	1	1623	4366	1	1	1
0	1	0	0	0	1	0	0	4	2183	1407	1	2183	1407	1	1	1
0	0	1	0	1	0	1	0	1	3104	5181	1	3104	5181	1	1	1
0	0	1	0	1	0	0	0	1	646	5422	1	646	5422	1	2	0
0	0	1	0	1	0	1	0	1	1341	4873	1	1341	4873	1	1	1
0	0	1	0	1	0	1	0	1	1117	5807	1	1117	5807	1	1	1
0	0	1	0	1	0	0	0	1	1142	3511	1	1142	3511	1	2	0
0	0	1	0	1	0	1	0	1	1300	5600	1	1300	5600	1	1	1
0	0	1	0	1	0	0	0	1	902	9831	1	902	9831	1	1	1
0	0	1	0	1	0	1	0	1	1348	6017	1	1348	6017	1	1	1
0	0	1	0	1	0	0	0	1	958	7407	1	958	7407	1	2	0
0	0	1	0	1	0	0	0	1	1181	5615	1	1181	5615	1	1	1
0	0	1	0	1	0	1	0	1	1534	5496	1	1534	5496	1	1	1
0	0	1	0	1	0	1	0	2	978	5147	1	978	5147	1	2	0
0	0	1	0	1	0	0	0	1	1044	4206	1	1044	4206	1	2	0
0	0	1	0	1	0	1	0	2	936	5708	1	936	5708	1	1	1
0	0	1	0	1	0	1	0	2	824	5235	1	824	5235	1	1	1
0	0	1	0	1	0	1	0	2	1144	5742	1	1144	5742	1	1	1
0	0	1	0	1	0	0	0	2	640	5110	1	640	5110	1	1	1
0	0	1	0	1	0	1	0	2	881	5748	1	881	5748	1	1	1
0	0	1	0	1	0	0	0	2	909	1950	1	909	1950	1	1	1
0	0	1	0	1	0	1	0	2	756	5561	1	756	5561	1	1	1
0	0	1	0	1	0	1	0	3	1826	5603	1	1826	5603	1	1	1
0	0	1	0	1	0	1	0	3	963	4777	1	963	4777	1	1	1
0	0	1	0	1	0	1	0	3	1252	2290	1	1252	2290	1	1	1
0	0	1	0	1	0	0	0	3	1480	1221	1	1480	1221	1	2	0
0	0	1	0	1	0	1	0	3	892	4850	1	892	4850	1	1	1
0	0	1	0	1	0	0	0	3	1245	1807	1	1245	1807	1	2	0
0	0	1	0	1	0	1	0	3	1514	8523	1	1514	8523	1	1	1
0	0	1	0	1	0	1	0	4	1985	6636	1	1985	6636	1	2	0
0	0	1	0	1	0	1	0	4	1956	2569	1	1956	2569	1	2	0
0	0	1	0	1	0	1	0	4	1483	2496	1	1483	2496	1	2	0
0	0	1	0	1	0	1	0	4	1568	4949	1	1568	4949	1	1	1
0	0	1	0	1	0	1	0	4	2978	4849	1	2978	4849	1	1	1
1	0	0	0	1	0	0	0	1	2745	1613	1	2745	1613	1	2	0
1	0	0	0	1	0	0	0	1	1178	1407	2	1178	1407	2	3	0
1	0	0	0	1	0	0	0	1	1166	2255	1	1166	2255	1	2	0
1	0	0	0	1	0	1	0	1	1071	2366	1	1071	2366	1	1	1
1	0	0	0	1	0	0	0	1	1038	2991	1	1038	2991	1	1	1
1	0	0	0	1	0	1	0	1	1103	4301	1	1103	4301	1	2	0
1	0	0	0	1	0	0	0	1	1007	1671	1	1007	1671	1	2	0
1	0	0	0	1	0	0	0	1	1086	1862	1	1086	1862	1	2	0
1	0	0	0	1	0	1	0	1	1231	2181	2	1231	2181	2	1	1
1	0	0	0	1	0	1	0	1	2282	2298	1	2282	2298	1	2	0
1	0	0	0	1	0	1	0	1	1372	3184	2	1372	3184	2	3	0
1	0	0	0	1	0	1	0	1	1134	2678	2	1134	2678	2	3	0
1	0	0	0	1	0	0	0	2	1815	1862	2	1815	1862	2	2	0
1	0	0	0	1	0	0	0	2	2525	543	2	2525	543	2	2	1
1	0	0	0	1	0	0	0	2	1679	878	1	1679	878	1	1	1
1	0	0	0	1	0	1	0	2	1938	2051	1	1938	2051	1	2	0
1	0	0	0	1	0	0	0	2	1605	1103	2	1605	1103	2	3	0
1	0	0	0	1	0	0	0	2	1293	911	2	1293	911	2	3	0
1	0	0	0	1	0	1	0	2	1420	2153	2	1420	2153	2	3	0
1	0	0	0	1	0	1	0	2	1251	898	2	1251	898	2	3	0
1	0	0	0	1	0	0	0	3	3231	695	1	3231	695	1	2	0
1	0	0	0	1	0	1	0	3	2602	2242	2	2602	2242	2	3	0
1	0	0	0	1	0	0	0	4	2046	822	2	2046	822	2	3	0
1	0	0	0	1	0	1	0	2	2331	1194	1	2331	1194	1	2	0
1	0	0	0	1	0	1	0	3	2364	1177	2	2364	1177	2	2	0
0	1	0	0	1	0	0	0	1	2577	3478	1	2577	3478	1	1	1
0	1	0	0	1	0	1	0	1	2181	3823	1	2181	3823	1	1	1
0	1	0	0	1	0	0	0	1	1190	1630	1	1190	1630	1	1	1
0	1	0	0	1	0	1	0	1	1742	2503	1	1742	2503	1	1	1
0	1	0	0	1	0	1	0	1	1421	3056	1	1421	3056	1	1	1
0	1	0	0	1	0	0	0	1	1519	1493	1	1519	1493	1	1	1
0	1	0	0	1	0	1	0	1	1956	5096	1	1956	5096	1	1	1
0	1	0	0	1	0	0	0	1	1327	3951	1	1327	3951	1	1	1
0	1	0	0	1	0	0	0	1	2655	1695	1	2655	1695	1	1	1
0	1	0	0	1	0	1	0	1	1403	1114	1	1403	1114	1	1	1
0	1	0	0	1	0	0	0	1	3735	4134	1	3735	4134	1	1	1
0	1	0	0	1	0	1	0	1	1117	2999	1	1117	2999	1	1	1
0	1	0	0	1	0	0	0	2	4296	1294	1	4296	1294	1	2	0
0	1	0	0	1	0	1	0	2	2040	4564	1	2040	4564	1	2	0
0	1	0	0	1	0	0	0	2	1888	1054	1	1888	1054	1	2	0
0	1	0	0	1	0	0	0	2	1374	2590	1	1374	2590	1	2	0
0	1	0	0	1	0	1	0	2	1593	2355	1	1593	2355	1	1	1
0	1	0	0	1	0	1	0	2	2578	3347	1	2578	3347	1	2	0
0	1	0	0	1	0	1	0	2	2775	2955	1	2775	2955	1	1	1
0	1	0	0	1	0	0	0	2	1703	10422	1	1703	10422	1	1	1
0	1	0	0	1	0	0	0	2	1677	3822	1	1677	3822	1	1	1
0	1	0	0	1	0	1	0	2	1399	2429	1	1399	2429	1	1	1
0	1	0	0	1	0	1	0	2	1361	2572	1	1361	2572	1	1	1
0	1	0	0	1	0	0	0	2	1904	8110	1	1904	8110	1	1	1
0	1	0	0	1	0	1	0	3	2416	1422	1	2416	1422	1	1	1
0	1	0	0	1	0	1	0	3	2478	2718	1	2478	2718	1	1	1
0	1	0	0	1	0	0	0	3	1887	1719	1	1887	1719	1	1	1
0	1	0	0	1	0	0	0	3	2551	3446	1	2551	3446	1	1	1
0	1	0	0	1	0	1	0	3	2159	2316	1	2159	2316	1	1	1
0	1	0	0	1	0	1	0	3	2978	2178	1	2978	2178	1	2	0
0	1	0	0	1	0	0	0	3	1600	4046	1	1600	4046	1	1	1
0	1	0	0	1	0	1	0	4	1888	2318	1	1888	2318	1	1	1
0	1	0	0	1	0	0	0	4	1486	1422	1	1486	1422	1	1	1
0	1	0	0	1	0	0	0	4	2048	997	1	2048	997	1	1	1
0	1	0	0	1	0	1	0	4	2089	1052	1	2089	1052	1	1	1
0	1	0	0	1	0	1	0	4	2186	985	1	2186	985	1	1	1
0	1	0	0	1	0	0	0	4	2463	1103	1	2463	1103	1	1	1
0	1	0	0	1	0	1	0	5	1482	746	1	1482	746	1	1	1
0	1	0	0	1	0	0	0	5	1653	1199	1	1653	1199	1	1	1
1	0	0	1	0	0	0	0	1	3020	4411	2	3020	4411	2	2	0
1	0	0	1	0	0	0	0	1	1221	7297	2	1221	7297	2	1	1
1	0	0	1	0	0	0	0	1	1445	10849	2	1445	10849	2	1	1
1	0	0	1	0	0	0	0	1	913	4923	2	913	4923	2	2	0
1	0	0	1	0	0	0	0	1	968	12569	1	968	12569	1	2	0
1	0	0	1	0	0	0	0	1	907	5362	2	907	5362	2	2	1
1	0	0	1	0	0	0	0	1	2645	5535	1	2645	5535	1	2	0
1	0	0	1	0	0	0	0	1	2112	4768	2	2112	4768	2	2	0
1	0	0	1	0	0	0	0	1	819	3498	2	819	3498	2	2	0
1	0	0	1	0	0	0	0	1	1243	15492	1	1243	15492	1	1	1
1	0	0	1	0	0	0	0	1	1215	5698	2	1215	5698	2	3	0
1	0	0	1	0	0	0	0	2	684	12732	2	684	12732	2	2	0
1	0	0	1	0	0	0	0	2	1041	1216	2	1041	1216	2	2	1
1	0	0	1	0	0	0	0	2	2287	4612	1	2287	4612	1	2	0
1	0	0	1	0	0	0	0	3	1774	1340	2	1774	1340	2	2	0
1	0	0	1	0	0	0	0	2	3000	4156	1	3000	4156	1	2	0
1	0	0	1	0	0	0	0	3	1811	1085	2	1811	1085	2	1	1
1	0	0	1	0	0	0	0	2	1792	1401	1	1792	1401	1	2	0
1	0	0	1	0	0	0	0	4	5599	2818	1	5599	2818	1	2	0
1	0	0	1	0	0	0	0	3	2737	1459	2	2737	1459	2	2	0
1	0	0	1	0	0	0	0	5	2836	1043	2	2836	1043	2	2	0
0	0	1	1	0	0	0	0	1	4298	6477	1	4298	6477	1	1	1
0	0	1	1	0	0	0	0	1	1072	15075	1	1072	15075	1	1	1
0	0	1	1	0	0	0	0	1	1667	6540	1	1667	6540	1	1	1
0	0	1	1	0	0	0	0	1	980	11092	1	980	11092	1	1	1
0	0	1	1	0	0	0	0	1	2592	17219	1	2592	17219	1	1	1
0	0	1	1	0	0	0	0	1	1066	8612	1	1066	8612	1	1	1
0	0	1	1	0	0	0	0	1	984	16127	1	984	16127	1	1	1
0	0	1	1	0	0	0	0	2	2617	9083	1	2617	9083	1	1	1
0	0	1	1	0	0	0	0	2	3387	5947	1	3387	5947	1	1	1
0	0	1	1	0	0	0	0	2	4946	8110	1	4946	8110	1	1	1
0	0	1	1	0	0	0	0	2	1249	6411	1	1249	6411	1	1	1
0	0	1	1	0	0	0	0	2	1449	15611	1	1449	15611	1	1	1
0	0	1	1	0	0	0	0	2	1142	2508	1	1142	2508	1	1	1
0	0	1	1	0	0	0	0	1	1508	5985	1	1508	5985	1	1	1
0	1	0	1	0	0	0	0	1	3276	11898	1	3276	11898	1	1	1
0	1	0	1	0	0	0	0	1	5321	4819	1	5321	4819	1	1	1
0	1	0	1	0	0	0	0	1	895	18651	1	895	18651	1	1	1
0	1	0	1	0	0	0	0	1	1170	13692	1	1170	13692	1	1	1
0	1	0	1	0	0	0	0	1	987	8901	1	987	8901	1	1	1
0	1	0	1	0	0	0	0	1	1261	9780	1	1261	9780	1	1	1
0	1	0	1	0	0	0	0	2	7310	2068	1	7310	2068	1	2	0
0	1	0	1	0	0	0	0	1	1565	14235	1	1565	14235	1	1	1
0	1	0	1	0	0	0	0	2	1348	9460	1	1348	9460	1	1	1
0	1	0	1	0	0	0	0	2	1354	13980	1	1354	13980	1	1	1
0	1	0	1	0	0	0	0	2	5821	2442	1	5821	2442	1	2	0
0	1	0	1	0	0	0	0	2	2484	4698	1	2484	4698	1	1	1
1	0	0	0	1	0	0	0	1	3916	5115	1	3916	5115	1	2	0
1	0	0	0	1	0	0	0	1	1064	4340	1	1064	4340	1	2	0
1	0	0	0	1	0	0	0	1	1123	9268	1	1123	9268	1	1	1
1	0	0	0	1	0	1	0	1	991	7351	1	991	7351	1	2	0
1	0	0	0	1	0	0	0	1	2546	5506	1	2546	5506	1	1	1
1	0	0	0	1	0	1	0	1	914	9764	1	914	9764	1	1	1
1	0	0	0	1	0	0	0	1	964	9724	1	964	9724	1	1	1
1	0	0	0	1	0	0	0	1	1075	4730	1	1075	4730	1	2	0
1	0	0	0	1	0	1	0	1	1557	8068	1	1557	8068	1	1	1
1	0	0	0	1	0	1	0	1	997	7315	1	997	7315	1	2	0
1	0	0	0	1	0	0	0	2	2916	1779	1	2916	1779	1	1	1
1	0	0	0	1	0	0	0	2	2235	2532	1	2235	2532	1	2	0
1	0	0	0	1	0	1	0	2	1020	4838	1	1020	4838	1	1	1
1	0	0	0	1	0	0	0	2	2499	5742	1	2499	5742	1	1	1
1	0	0	0	1	0	1	0	2	2560	6309	1	2560	6309	1	1	1
1	0	0	0	1	0	0	0	3	2124	6075	1	2124	6075	1	1	1
1	0	0	0	1	0	1	0	3	2068	6200	1	2068	6200	1	2	0
1	0	0	0	1	0	0	0	3	2419	4326	1	2419	4326	1	1	1
0	0	1	0	1	0	1	0	1	2844	8546	1	2844	8546	1	2	0
0	0	1	0	1	0	0	0	1	1119	9493	1	1119	9493	1	2	0
0	0	1	0	1	0	1	0	1	1125	8010	1	1125	8010	1	1	1
0	0	1	0	1	0	1	0	1	901	6746	1	901	6746	1	1	1
0	0	1	0	1	0	0	0	1	783	8051	1	783	8051	1	1	1
0	0	1	0	1	0	1	0	1	1019	9322	1	1019	9322	1	1	1
0	0	1	0	1	0	0	0	1	1034	10049	1	1034	10049	1	1	1
0	0	1	0	1	0	1	0	1	1002	9220	1	1002	9220	1	1	1
0	0	1	0	1	0	0	0	1	1193	13163	1	1193	13163	1	1	1
0	0	1	0	1	0	1	0	2	2546	5221	1	2546	5221	1	1	1
0	0	1	0	1	0	0	0	2	1609	6754	1	1609	6754	1	1	1
0	0	1	0	1	0	1	0	2	1819	9522	1	1819	9522	1	1	1
0	0	1	0	1	0	1	0	2	1058	5364	1	1058	5364	1	2	0
0	0	1	0	1	0	0	0	2	2992	1758	1	2992	1758	1	2	0
0	0	1	0	1	0	0	0	1	1388	10261	1	1388	10261	1	1	1
0	0	1	0	1	0	1	0	2	1085	6636	1	1085	6636	1	1	1
0	1	0	0	1	0	0	0	1	4260	7290	1	4260	7290	1	1	1
0	1	0	0	1	0	1	0	1	2703	8898	1	2703	8898	1	1	1
0	1	0	0	1	0	0	0	1	1314	11802	1	1314	11802	1	1	1
0	1	0	0	1	0	1	0	1	1045	6477	1	1045	6477	1	1	1
0	1	0	0	1	0	1	0	1	813	7154	1	813	7154	1	1	1
0	1	0	0	1	0	0	0	1	697	4595	1	697	4595	1	1	1
0	1	0	0	1	0	1	0	1	1028	9397	1	1028	9397	1	1	1
0	1	0	0	1	0	0	0	1	1011	9157	1	1011	9157	1	1	1
0	1	0	0	1	0	0	0	2	5143	3140	1	5143	3140	1	1	1
0	1	0	0	1	0	0	0	1	1074	18908	1	1074	18908	1	1	1
0	1	0	0	1	0	1	0	2	827	8051	1	827	8051	1	1	1
0	1	0	0	1	0	0	0	2	882	8066	1	882	8066	1	1	1
0	1	0	0	1	0	1	0	2	812	5779	1	812	5779	1	1	1
0	1	0	0	1	0	0	0	2	692	1669	1	692	1669	1	1	1
0	1	0	0	1	0	1	0	2	647	6818	1	647	6818	1	1	1
0	1	0	0	1	0	1	0	1	1364	8003	1	1364	8003	1	1	1
1	0	0	0	0	1	0	0	1	4433	5399	1	4433	5399	1	1	1
1	0	0	0	0	1	0	1	1	809	6604	1	809	6604	1	1	1
1	0	0	0	0	1	0	0	1	1020	2420	2	1020	2420	2	2	0
1	0	0	0	0	1	0	1	1	760	5797	1	760	5797	1	1	1
1	0	0	0	0	1	0	0	1	798	9552	1	798	9552	1	1	1
1	0	0	0	0	1	0	1	1	841	3442	1	841	3442	1	2	0
1	0	0	0	0	1	0	1	1	581	4587	1	581	4587	1	2	0
1	0	0	0	0	1	0	1	1	672	4922	1	672	4922	1	1	1
1	0	0	0	0	1	0	1	1	679	4186	1	679	4186	1	1	1
1	0	0	0	0	1	0	0	2	854	4579	1	854	4579	1	1	1
1	0	0	0	0	1	0	1	2	2166	3131	1	2166	3131	1	1	1
1	0	0	0	0	1	0	1	2	613	1445	1	613	1445	1	2	0
1	0	0	0	0	1	0	0	2	3340	1331	1	3340	1331	1	1	1
1	0	0	0	0	1	0	1	2	1436	1626	2	1436	1626	2	2	1
1	0	0	0	0	1	0	1	2	1274	1729	2	1274	1729	2	2	0
1	0	0	0	0	1	0	1	2	1244	1404	1	1244	1404	1	2	0
1	0	0	0	0	1	0	1	2	2626	6155	1	2626	6155	1	1	1
1	0	0	0	0	1	0	0	3	2343	3009	1	2343	3009	1	1	1
1	0	0	0	0	1	0	1	3	955	1589	2	955	1589	2	2	0
1	0	0	0	0	1	0	0	3	3501	2163	1	3501	2163	1	2	0
1	0	0	0	0	1	0	1	3	1856	4459	1	1856	4459	1	1	1
1	0	0	0	0	1	0	1	3	1421	1434	2	1421	1434	2	2	0
1	0	0	0	0	1	0	1	3	3320	3641	1	3320	3641	1	1	1
1	0	0	0	0	1	0	0	4	5083	5504	1	5083	5504	1	1	1
1	0	0	0	0	1	0	0	4	2703	948	2	2703	948	2	2	1
1	0	0	0	0	1	0	1	4	4609	3678	1	4609	3678	1	1	1
1	0	0	0	0	1	0	1	4	5032	2513	1	5032	2513	1	1	1
1	0	0	0	0	1	0	0	5	1870	1595	1	1870	1595	1	2	0
1	0	0	0	0	1	0	1	5	2258	1762	1	2258	1762	1	2	0
1	0	0	0	0	1	0	1	5	2853	3420	1	2853	3420	1	2	0
1	0	0	0	0	1	0	0	6	1421	770	2	1421	770	2	2	0
1	0	0	0	0	1	0	1	6	2873	5140	2	2873	5140	2	2	0
0	0	1	0	0	1	0	0	1	4852	7434	1	4852	7434	1	1	1
0	0	1	0	0	1	0	0	1	1488	6674	1	1488	6674	1	1	1
0	0	1	0	0	1	0	1	1	1206	6720	1	1206	6720	1	1	1
0	0	1	0	0	1	0	0	1	1077	2299	1	1077	2299	1	1	1
0	0	1	0	0	1	0	0	1	910	7387	1	910	7387	1	1	1
0	0	1	0	0	1	0	1	1	832	6446	1	832	6446	1	1	1
0	0	1	0	0	1	0	0	1	1087	4394	1	1087	4394	1	1	1
0	0	1	0	0	1	0	1	1	1227	4922	1	1227	4922	1	1	1
0	0	1	0	0	1	0	1	1	1334	6787	1	1334	6787	1	1	1
0	0	1	0	0	1	0	0	1	2450	3848	1	2450	3848	1	1	1
0	0	1	0	0	1	0	1	1	1108	3698	1	1108	3698	1	1	1
0	0	1	0	0	1	0	0	2	1284	1387	1	1284	1387	1	1	1
0	0	1	0	0	1	0	1	1	1099	10108	1	1099	10108	1	1	1
0	0	1	0	0	1	0	0	2	2307	2012	1	2307	2012	1	1	1
0	0	1	0	0	1	0	1	2	1054	6428	1	1054	6428	1	1	1
0	0	1	0	0	1	0	0	2	1120	9452	1	1120	9452	1	1	1
0	0	1	0	0	1	0	0	2	1791	4385	1	1791	4385	1	1	1
0	0	1	0	0	1	0	1	2	2406	2203	1	2406	2203	1	1	1
0	0	1	0	0	1	0	0	2	1753	8937	1	1753	8937	1	1	1
0	0	1	0	0	1	0	1	2	1470	3930	1	1470	3930	1	1	1
0	0	1	0	0	1	0	1	2	1538	3987	1	1538	3987	1	1	1
0	0	1	0	0	1	0	0	2	2137	882	1	2137	882	1	1	1
0	0	1	0	0	1	0	1	2	1570	3844	1	1570	3844	1	1	1
0	0	1	0	0	1	0	0	3	1315	1218	1	1315	1218	1	1	1
0	0	1	0	0	1	0	0	3	1460	818	1	1460	818	1	1	1
0	0	1	0	0	1	0	1	2	2350	4011	1	2350	4011	1	1	1
0	0	1	0	0	1	0	1	3	4189	6218	1	4189	6218	1	1	1
0	0	1	0	0	1	0	0	3	1281	5707	1	1281	5707	1	1	1
0	1	0	0	0	1	0	1	1	5577	6163	1	5577	6163	1	1	1
0	1	0	0	0	1	0	0	1	1207	6927	1	1207	6927	1	1	1
0	1	0	0	0	1	0	1	1	840	5661	1	840	5661	1	1	1
0	1	0	0	0	1	0	0	1	704	5534	1	704	5534	1	1	1
0	1	0	0	0	1	0	1	1	745	9226	1	745	9226	1	1	1
0	1	0	0	0	1	0	0	1	717	7463	1	717	7463	1	1	1
0	1	0	0	0	1	0	0	1	855	7142	1	855	7142	1	1	1
0	1	0	0	0	1	0	0	1	1823	2958	1	1823	2958	1	1	1
0	1	0	0	0	1	0	1	1	1792	12357	1	1792	12357	1	1	1
0	1	0	0	0	1	0	1	1	760	4699	1	760	4699	1	1	1
0	1	0	0	0	1	0	1	1	2063	5886	1	2063	5886	1	1	1
0	1	0	0	0	1	0	1	2	2736	2229	1	2736	2229	1	2	0
0	1	0	0	0	1	0	0	2	1613	8336	1	1613	8336	1	1	1
0	1	0	0	0	1	0	1	2	4521	3931	1	4521	3931	1	1	1
0	1	0	0	0	1	0	1	2	1166	10630	1	1166	10630	1	1	1
0	1	0	0	0	1	0	0	2	2293	3959	1	2293	3959	1	1	1
0	1	0	0	0	1	0	0	2	1071	4814	1	1071	4814	1	1	1
0	1	0	0	0	1	0	0	2	1349	3015	1	1349	3015	1	1	1
0	1	0	0	0	1	0	0	2	629	1816	1	629	1816	1	1	1
0	1	0	0	0	1	0	0	1	2070	10502	1	2070	10502	1	1	1
0	1	0	0	0	1	0	1	2	1639	1627	1	1639	1627	1	2	0
0	1	0	1	0	0	0	0	1	3680	4448	1	3680	4448	1	1	1
0	1	0	1	0	0	0	0	1	1637	3038	1	1637	3038	1	1	1
0	1	0	1	0	0	0	0	1	2133	1831	1	2133	1831	1	1	1
0	1	0	1	0	0	0	0	1	2454	5062	1	2454	5062	1	1	1
0	1	0	1	0	0	0	0	1	1678	1998	1	1678	1998	1	1	1
0	1	0	1	0	0	0	0	1	1969	1724	1	1969	1724	1	1	1
0	1	0	1	0	0	0	0	1	2821	1399	1	2821	1399	1	1	1
0	1	0	1	0	0	0	0	1	2903	3150	1	2903	3150	1	1	1
0	1	0	1	0	0	0	0	1	1374	3207	1	1374	3207	1	1	1
0	1	0	1	0	0	0	0	1	2325	1661	1	2325	1661	1	1	1
0	1	0	1	0	0	0	0	1	2062	2232	1	2062	2232	1	1	1
0	1	0	1	0	0	0	0	1	2261	1974	1	2261	1974	1	1	1
0	1	0	1	0	0	0	0	2	2430	1365	1	2430	1365	1	1	1
0	1	0	1	0	0	0	0	2	5142	4271	1	5142	4271	1	1	1
0	1	0	1	0	0	0	0	2	2742	2310	1	2742	2310	1	1	1
0	1	0	1	0	0	0	0	2	3543	4055	1	3543	4055	1	1	1
0	1	0	1	0	0	0	0	2	1637	5399	1	1637	5399	1	1	1
0	1	0	1	0	0	0	0	2	5309	2407	1	5309	2407	1	2	0
0	1	0	1	0	0	0	0	2	3597	4416	1	3597	4416	1	1	1
0	1	0	1	0	0	0	0	2	2596	8688	1	2596	8688	1	3	0
0	1	0	1	0	0	0	0	2	3390	3430	1	3390	3430	1	1	1
0	1	0	1	0	0	0	0	2	3230	2397	1	3230	2397	1	3	0
0	1	0	1	0	0	0	0	2	2839	3326	1	2839	3326	1	1	1
0	1	0	1	0	0	0	0	2	1271	1094	1	1271	1094	1	1	1
0	1	0	1	0	0	0	0	3	2919	5095	1	2919	5095	1	3	0
0	1	0	1	0	0	0	0	3	3766	4918	1	3766	4918	1	1	1
0	1	0	1	0	0	0	0	3	2333	5478	1	2333	5478	1	1	1
0	1	0	1	0	0	0	0	3	2494	1078	1	2494	1078	1	1	1
0	1	0	1	0	0	0	0	3	2558	4142	1	2558	4142	1	1	1
1	0	0	1	0	0	0	0	1	2785	2063	1	2785	2063	1	2	0
1	0	0	1	0	0	0	0	1	1781	1030	1	1781	1030	1	1	1
1	0	0	1	0	0	0	0	1	1580	1351	1	1580	1351	1	1	1
1	0	0	1	0	0	0	0	1	2237	1542	1	2237	1542	1	2	0
1	0	0	1	0	0	0	0	1	2485	3495	1	2485	3495	1	3	0
1	0	0	1	0	0	0	0	1	919	1735	1	919	1735	1	1	1
1	0	0	1	0	0	0	0	2	1468	2230	2	1468	2230	2	2	1
1	0	0	1	0	0	0	0	2	2535	1534	1	2535	1534	1	1	1
1	0	0	1	0	0	0	0	2	5487	1301	1	5487	1301	1	1	1
1	0	0	1	0	0	0	0	2	2375	696	2	2375	696	2	3	0
1	0	0	1	0	0	0	0	2	2654	1550	1	2654	1550	1	1	1
1	0	0	1	0	0	0	0	3	2528	1598	1	2528	1598	1	2	0
1	0	0	1	0	0	0	0	3	10456	2974	1	10456	2974	1	1	1
1	0	0	1	0	0	0	0	3	4159	5934	1	4159	5934	1	2	0
1	0	0	1	0	0	0	0	4	2510	1430	2	2510	1430	2	2	1
1	0	0	1	0	0	0	0	4	3912	4861	1	3912	4861	1	2	0
1	0	0	1	0	0	0	0	4	2318	1718	2	2318	1718	2	2	0
1	0	0	1	0	0	0	0	5	7767	1622	2	7767	1622	2	2	1
0	0	1	1	0	0	0	0	1	6193	4598	1	6193	4598	1	2	0
0	0	1	1	0	0	0	0	1	2617	1782	1	2617	1782	1	1	1
0	0	1	1	0	0	0	0	1	2693	3512	1	2693	3512	1	1	1
0	0	1	1	0	0	0	0	1	3957	1478	1	3957	1478	1	1	1
0	0	1	1	0	0	0	0	1	1358	2549	1	1358	2549	1	2	0
0	0	1	1	0	0	0	0	1	1534	4213	1	1534	4213	1	3	0
0	0	1	1	0	0	0	0	1	1415	2342	1	1415	2342	1	1	1
0	0	1	1	0	0	0	0	1	3183	3310	1	3183	3310	1	3	0
0	0	1	1	0	0	0	0	1	2439	8279	1	2439	8279	1	1	1
0	0	1	1	0	0	0	0	1	1397	2374	1	1397	2374	1	1	1
0	0	1	1	0	0	0	0	1	1854	1879	1	1854	1879	1	1	1
0	0	1	1	0	0	0	0	1	1181	4007	1	1181	4007	1	3	0
0	0	1	1	0	0	0	0	2	2280	1669	1	2280	1669	1	3	0
0	0	1	1	0	0	0	0	2	8279	1391	1	8279	1391	1	1	1
0	0	1	1	0	0	0	0	2	4366	1789	1	4366	1789	1	1	1
0	0	1	1	0	0	0	0	2	1437	1496	1	1437	1496	1	1	1
0	0	1	1	0	0	0	0	2	2014	1552	1	2014	1552	1	1	1
0	0	1	1	0	0	0	0	2	1950	4590	1	1950	4590	1	1	1
0	0	1	1	0	0	0	0	2	3206	1814	1	3206	1814	1	1	1
0	0	1	1	0	0	0	0	3	9047	1918	1	9047	1918	1	1	1
0	0	1	1	0	0	0	0	3	5516	1697	1	5516	1697	1	3	0
0	0	1	1	0	0	0	0	3	2566	1791	1	2566	1791	1	1	1
0	0	1	1	0	0	0	0	3	6254	4663	1	6254	4663	1	1	1
0	0	1	1	0	0	0	0	3	2213	1294	1	2213	1294	1	1	1
0	0	1	1	0	0	0	0	3	4781	1326	1	4781	1326	1	1	1
0	0	1	1	0	0	0	0	4	4919	1326	1	4919	1326	1	1	1
0	0	1	1	0	0	0	0	4	6114	1955	1	6114	1955	1	1	1
0	1	0	0	1	0	0	0	1	3424	1583	1	3424	1583	1	1	1
0	1	0	0	1	0	1	0	1	5682	5773	1	5682	5773	1	1	1
0	1	0	0	1	0	0	0	1	3982	8646	1	3982	8646	1	1	1
0	1	0	0	1	0	1	0	1	1999	4117	1	1999	4117	1	1	1
0	1	0	0	1	0	1	0	1	1502	3477	1	1502	3477	1	2	0
0	1	0	0	1	0	1	0	1	1711	4124	1	1711	4124	1	1	1
0	1	0	0	1	0	0	0	1	1214	4503	1	1214	4503	1	1	1
0	1	0	0	1	0	0	0	1	1575	1567	1	1575	1567	1	1	1
0	1	0	0	1	0	1	0	1	2296	5164	1	2296	5164	1	1	1
0	1	0	0	1	0	0	0	2	2127	1783	1	2127	1783	1	1	1
0	1	0	0	1	0	0	0	1	1685	3262	1	1685	3262	1	1	1
0	1	0	0	1	0	1	0	1	1464	3378	1	1464	3378	1	1	1
0	1	0	0	1	0	1	0	2	5074	8124	1	5074	8124	1	1	1
0	1	0	0	1	0	0	0	2	2437	3143	1	2437	3143	1	1	1
0	1	0	0	1	0	1	0	2	3793	5757	1	3793	5757	1	1	1
0	1	0	0	1	0	1	0	2	2794	3265	1	2794	3265	1	1	1
0	1	0	0	1	0	0	0	2	2047	2886	1	2047	2886	1	1	1
0	1	0	0	1	0	0	0	2	2407	2582	1	2407	2582	1	1	1
1	0	0	0	1	0	0	0	1	1479	2663	1	1479	2663	1	2	0
1	0	0	0	1	0	1	0	1	2504	5909	1	2504	5909	1	3	0
1	0	0	0	1	0	0	0	1	1573	4728	1	1573	4728	1	3	0
1	0	0	0	1	0	1	0	1	1454	4573	1	1454	4573	1	3	0
1	0	0	0	1	0	0	0	1	3264	2159	1	3264	2159	1	3	0
1	0	0	0	1	0	0	0	1	1231	4775	1	1231	4775	1	3	0
1	0	0	0	1	0	1	0	1	1321	4805	1	1321	4805	1	3	0
1	0	0	0	1	0	1	0	1	1256	3269	1	1256	3269	1	3	0
1	0	0	0	1	0	1	0	1	1225	3787	1	1225	3787	1	3	0
1	0	0	0	1	0	0	0	2	2015	3304	2	2015	3304	2	3	0
0	0	1	0	1	0	1	0	1	3438	5330	1	3438	5330	1	3	0
0	0	1	0	1	0	0	0	1	4638	2717	1	4638	2717	1	1	1
0	0	1	0	1	0	1	0	1	1486	4863	1	1486	4863	1	1	1
0	0	1	0	1	0	1	0	1	3650	5602	1	3650	5602	1	1	1
0	0	1	0	1	0	0	0	1	1622	3384	1	1622	3384	1	3	0
0	0	1	0	1	0	1	0	1	984	5213	1	984	5213	1	1	1
0	0	1	0	1	0	0	0	1	934	2239	1	934	2239	1	1	1
0	0	1	0	1	0	1	0	1	1439	5879	1	1439	5879	1	1	1
0	0	1	0	1	0	0	0	1	1117	1743	1	1117	1743	1	1	1
0	0	1	0	1	0	0	0	1	847	4350	1	847	4350	1	1	1
0	0	1	0	1	0	1	0	1	1895	3958	1	1895	3958	1	1	1
0	0	1	0	1	0	0	0	1	2405	4176	1	2405	4176	1	1	1
0	0	1	0	1	0	0	0	2	10324	2322	1	10324	2322	1	1	1
0	0	1	0	1	0	1	0	2	1800	5485	1	1800	5485	1	3	0
0	0	1	0	1	0	1	0	2	7216	8714	1	7216	8714	1	1	1
0	0	1	0	1	0	1	0	2	1109	3350	1	1109	3350	1	1	1
0	0	1	0	1	0	0	0	2	4920	4110	1	4920	4110	1	1	1
0	0	1	0	1	0	0	0	2	4046	1743	1	4046	1743	1	1	1
0	0	1	0	1	0	1	0	2	1400	6437	1	1400	6437	1	3	0
0	0	1	0	1	0	0	0	2	1158	6478	1	1158	6478	1	3	0
0	0	1	0	1	0	1	0	2	1608	8294	1	1608	8294	1	3	0
0	0	1	0	1	0	0	0	2	2472	1703	1	2472	1703	1	1	1
0	1	0	0	0	1	0	0	1	5664	4088	1	5664	4088	1	1	1
0	1	0	0	0	1	0	1	1	1118	2303	1	1118	2303	1	3	0
0	1	0	0	0	1	0	0	1	1838	2013	1	1838	2013	1	1	1
0	1	0	0	0	1	0	1	1	1146	5883	1	1146	5883	1	1	1
0	1	0	0	0	1	0	0	1	3223	3431	1	3223	3431	1	1	1
0	1	0	0	0	1	0	0	1	1231	3047	1	1231	3047	1	1	1
0	1	0	0	0	1	0	0	1	2422	1943	1	2422	1943	1	3	0
0	1	0	0	0	1	0	1	1	1744	5453	1	1744	5453	1	1	1
0	1	0	0	0	1	0	1	1	2030	7822	1	2030	7822	1	3	0
0	1	0	0	0	1	0	1	1	1576	6470	1	1576	6470	1	3	0
0	1	0	0	0	1	0	0	1	2701	5064	1	2701	5064	1	1	1
0	1	0	0	0	1	0	0	2	3112	3357	1	3112	3357	1	1	1
0	1	0	0	0	1	0	0	2	2717	4153	1	2717	4153	1	1	1
0	1	0	0	0	1	0	0	2	4877	2183	1	4877	2183	1	1	1
0	1	0	0	0	1	0	1	2	2367	2918	1	2367	2918	1	1	1
0	1	0	0	0	1	0	0	2	2935	3533	1	2935	3533	1	3	0
0	1	0	0	0	1	0	1	2	2686	8518	1	2686	8518	1	1	1
0	1	0	0	0	1	0	0	2	3903	2286	1	3903	2286	1	1	1
0	1	0	0	0	1	0	0	3	2967	5439	1	2967	5439	1	1	1
0	1	0	0	0	1	0	0	3	3757	2375	1	3757	2375	1	1	1
0	1	0	0	0	1	0	0	3	2085	1881	1	2085	1881	1	1	1
0	1	0	0	0	1	0	1	3	2399	5086	1	2399	5086	1	3	0
1	0	0	0	0	1	0	0	1	2846	1839	1	2846	1839	1	3	0
1	0	0	0	0	1	0	1	1	1593	2269	1	1593	2269	1	3	0
1	0	0	0	0	1	0	0	1	2646	1911	1	2646	1911	1	3	0
1	0	0	0	0	1	0	1	1	1568	2485	1	1568	2485	1	3	0
1	0	0	0	0	1	0	1	1	1991	1798	1	1991	1798	1	3	0
0	0	1	0	0	1	0	0	1	2958	4214	1	2958	4214	1	3	0
0	0	1	0	0	1	0	0	1	1193	2582	1	1193	2582	1	1	1
0	0	1	0	0	1	0	1	1	951	3103	1	951	3103	1	1	1
0	0	1	0	0	1	0	0	1	2182	2102	1	2182	2102	1	1	1
0	0	1	0	0	1	0	0	1	1838	1925	1	1838	1925	1	1	1
0	0	1	0	0	1	0	1	1	2281	6329	1	2281	6329	1	3	0
0	0	1	0	0	1	0	0	1	1845	3169	1	1845	3169	1	1	1
0	0	1	0	0	1	0	1	1	2143	4302	1	2143	4302	1	3	0
0	0	1	0	0	1	0	1	1	2166	2390	1	2166	2390	1	1	1
0	0	1	0	0	1	0	0	1	1214	2335	1	1214	2335	1	1	1
0	0	1	0	0	1	0	1	1	1889	5884	1	1889	5884	1	3	0
0	0	1	0	0	1	0	1	1	1264	2535	1	1264	2535	1	1	1
0	0	1	0	0	1	0	0	2	1631	2141	1	1631	2141	1	3	0
0	0	1	0	0	1	0	0	2	2597	3048	1	2597	3048	1	3	0
0	0	1	0	0	1	0	1	2	1357	4168	1	1357	4168	1	3	0
0	0	1	0	0	1	0	0	2	2574	2015	1	2574	2015	1	3	0
0	0	1	0	0	1	0	0	2	3774	7710	1	3774	7710	1	3	0
0	0	1	0	0	1	0	1	2	3702	3359	1	3702	3359	1	1	1
0	0	1	0	0	1	0	0	2	1711	6030	1	1711	6030	1	1	1
0	0	1	0	0	1	0	1	2	4416	2198	1	4416	2198	1	1	1
0	0	1	0	0	1	0	1	3	4119	2038	1	4119	2038	1	3	0
0	0	1	0	0	1	0	0	3	3967	1718	1	3967	1718	1	3	0
0	0	1	0	0	1	0	1	3	2407	1461	1	2407	1461	1	3	0
0	0	1	1	0	0	0	0	1	4447	9159	2	4447	9159	2	2	0
0	0	1	1	0	0	0	0	1	2090	12087	2	2090	12087	2	2	1
0	0	1	1	0	0	0	0	1	1999	6879	2	1999	6879	2	2	1
0	0	1	1	0	0	0	0	1	1815	5112	2	1815	5112	2	2	1
0	0	1	1	0	0	0	0	1	2237	2752	2	2237	2752	2	2	0
0	0	1	1	0	0	0	0	1	1302	9343	2	1302	9343	2	2	0
0	0	1	1	0	0	0	0	1	1775	3623	2	1775	3623	2	2	0
0	0	1	1	0	0	0	0	1	1766	3823	2	1766	3823	2	2	0
0	0	1	1	0	0	0	0	1	1614	3391	2	1614	3391	2	2	0
0	0	1	1	0	0	0	0	1	1975	7119	2	1975	7119	2	2	1
0	0	1	1	0	0	0	0	1	6614	11256	2	6614	11256	2	2	0
0	1	0	1	0	0	0	0	1	4128	8326	1	4128	8326	1	2	0
0	1	0	1	0	0	0	0	1	5150	7312	1	5150	7312	1	1	1
0	1	0	1	0	0	0	0	1	1118	6319	1	1118	6319	1	1	1
0	1	0	1	0	0	0	0	1	1582	8535	1	1582	8535	1	2	0
0	1	0	1	0	0	0	0	1	1384	6191	1	1384	6191	1	1	1
0	1	0	1	0	0	0	0	1	1310	2839	1	1310	2839	1	2	0
0	1	0	1	0	0	0	0	1	1102	2919	1	1102	2919	1	1	1
0	1	0	1	0	0	0	0	1	966	3623	1	966	3623	1	3	0
0	1	0	1	0	0	0	0	1	966	18216	1	966	18216	1	1	1
0	1	0	1	0	0	0	0	2	7287	9015	1	7287	9015	1	3	0
0	1	0	1	0	0	0	0	2	5751	5343	1	5751	5343	1	3	0
0	1	0	1	0	0	0	0	2	2726	4663	1	2726	4663	1	3	0
0	1	0	1	0	0	0	0	2	6542	2902	1	6542	2902	1	3	0
0	1	0	1	0	0	0	0	2	2398	2895	1	2398	2895	1	1	1
0	1	0	1	0	0	0	0	1	10119	3167	1	10119	3167	1	3	0
0	1	0	1	0	0	0	0	1	3445	4527	1	3445	4527	1	1	1
0	1	0	1	0	0	0	0	1	2949	2887	1	2949	2887	1	1	1
1	0	0	1	0	0	0	0	1	1840	1887	1	1840	1887	1	2	0
1	0	0	1	0	0	0	0	1	1143	2814	1	1143	2814	1	2	0
1	0	0	1	0	0	0	0	1	1414	3544	1	1414	3544	1	2	0
1	0	0	1	0	0	0	0	1	1318	5343	2	1318	5343	2	3	0
1	0	0	1	0	0	0	0	1	13287	13463	1	13287	13463	1	2	0
1	0	0	1	0	0	0	0	1	1447	2799	2	1447	2799	2	3	0
1	0	0	1	0	0	0	0	1	2710	12415	1	2710	12415	1	2	0
1	0	0	1	0	0	0	0	2	2910	1638	2	2910	1638	2	3	0
1	0	0	1	0	0	0	0	2	2503	903	2	2503	903	2	3	0
1	0	0	1	0	0	0	0	2	1190	687	2	1190	687	2	3	0
1	0	0	1	0	0	0	0	2	1262	768	2	1262	768	2	3	0
1	0	0	1	0	0	0	0	2	3150	1039	2	3150	1039	2	3	0
0	0	1	0	0	1	0	0	1	3712	8711	1	3712	8711	1	2	0
0	0	1	0	0	1	0	1	1	1263	14638	1	1263	14638	1	1	1
0	0	1	0	0	1	0	0	1	1316	15199	1	1316	15199	1	2	0
0	0	1	0	0	1	0	0	1	1342	6616	1	1342	6616	1	1	1
0	0	1	0	0	1	0	1	1	1200	12277	1	1200	12277	1	2	0
0	0	1	0	0	1	0	0	1	1775	7007	1	1775	7007	1	2	0
0	0	1	0	0	1	0	0	2	2670	1919	2	2670	1919	2	2	0
0	0	1	0	0	1	0	1	1	2815	3831	1	2815	3831	1	2	0
0	0	1	0	0	1	0	1	1	2904	3222	1	2904	3222	1	2	0
0	0	1	0	0	1	0	1	2	1712	17926	1	1712	17926	1	2	0
0	0	1	0	0	1	0	0	1	2254	6632	1	2254	6632	1	1	1
0	0	1	0	0	1	0	0	2	2774	672	2	2774	672	2	2	0
0	0	1	0	0	1	0	0	2	3438	4359	1	3438	4359	1	1	1
0	0	1	0	0	1	0	1	1	1919	8471	1	1919	8471	1	2	0
0	0	1	0	0	1	0	0	2	2062	1096	2	2062	1096	2	2	0
0	0	1	0	0	1	0	1	1	3039	8126	1	3039	8126	1	3	0
0	0	1	0	0	1	0	0	2	2814	3623	1	2814	3623	1	2	0
0	0	1	0	0	1	0	0	3	2830	7911	1	2830	7911	1	2	0
0	0	1	0	0	1	0	1	2	2698	1659	2	2698	1659	2	2	0
0	0	1	0	0	1	0	0	3	2880	2230	2	2880	2230	2	3	0
0	1	0	0	0	1	0	1	1	4312	20839	1	4312	20839	1	2	0
0	1	0	0	0	1	0	0	1	1546	2383	1	1546	2383	1	2	0
0	1	0	0	0	1	0	1	1	1417	3252	1	1417	3252	1	2	0
0	1	0	0	0	1	0	0	1	1471	4799	1	1471	4799	1	1	1
0	1	0	0	0	1	0	1	1	1535	8406	1	1535	8406	1	2	0
0	1	0	0	0	1	0	0	1	2318	6607	1	2318	6607	1	1	1
0	1	0	0	0	1	0	0	1	1951	3534	1	1951	3534	1	2	0
0	1	0	0	0	1	0	0	1	3518	4503	2	3518	4503	2	3	0
0	1	0	0	0	1	0	1	1	1367	7559	1	1367	7559	1	1	1
0	1	0	0	0	1	0	1	2	5712	4501	2	5712	4501	2	3	0
0	1	0	0	0	1	0	0	2	2871	2086	2	2871	2086	2	2	1
0	1	0	0	0	1	0	1	1	5048	6798	1	5048	6798	1	2	0
0	1	0	0	0	1	0	0	2	4134	2295	1	4134	2295	1	2	0
0	1	0	0	0	1	0	1	2	4128	1390	2	4128	1390	2	2	1
0	1	0	0	0	1	0	0	2	3061	2216	1	3061	2216	1	2	0
0	1	0	0	0	1	0	0	1	5207	6016	1	5207	6016	1	1	1
0	1	0	0	0	1	0	1	2	3023	3559	1	3023	3559	1	2	0
0	1	0	0	0	1	0	1	2	3432	1869	2	3432	1869	2	2	1
0	1	0	0	0	1	0	0	3	2367	2407	2	2367	2407	2	2	1
0	1	0	0	0	1	0	0	3	2751	1896	2	2751	1896	2	2	1
0	1	0	0	0	1	0	0	2	7334	1519	1	7334	1519	1	1	1
0	1	0	0	0	1	0	1	3	4712	1614	2	4712	1614	2	2	1
0	1	0	0	0	1	0	0	3	4198	2063	1	4198	2063	1	2	0
1	0	0	0	0	1	0	0	1	5257	3967	1	5257	3967	1	2	0
1	0	0	0	0	1	0	1	1	1859	4503	1	1859	4503	1	2	0
1	0	0	0	0	1	0	0	1	1893	2056	1	1893	2056	1	1	1
1	0	0	0	0	1	0	1	1	1615	3534	1	1615	3534	1	2	0
1	0	0	0	0	1	0	1	1	1495	4303	1	1495	4303	1	1	1
1	0	0	0	0	1	0	0	2	2326	656	2	2326	656	2	3	0
1	0	0	0	0	1	0	1	2	2223	598	2	2223	598	2	3	0
1	0	0	0	0	1	0	0	2	3894	1975	1	3894	1975	1	2	0
1	0	0	0	0	1	0	1	2	1438	670	2	1438	670	2	3	0
1	0	0	0	0	1	0	0	3	5702	862	2	5702	862	2	2	0
1	0	0	0	0	1	0	1	2	2528	1479	1	2528	1479	1	2	0
1	0	0	0	0	1	0	1	3	8801	869	2	8801	869	2	2	0
0	0	1	0	1	0	1	0	1	4665	17270	1	4665	17270	1	3	0
0	0	1	0	1	0	0	0	1	1416	13592	1	1416	13592	1	3	0
0	0	1	0	1	0	1	0	1	1432	6622	1	1432	6622	1	1	1
0	0	1	0	1	0	1	0	1	1943	9990	1	1943	9990	1	2	0
0	0	1	0	1	0	0	0	1	1125	5824	1	1125	5824	1	2	0
0	0	1	0	1	0	1	0	1	1608	10374	1	1608	10374	1	2	0
0	0	1	0	1	0	0	0	1	1126	5423	1	1126	5423	1	3	0
0	0	1	0	1	0	1	0	1	2969	7925	1	2969	7925	1	3	0
0	0	1	0	1	0	0	0	1	2694	7151	1	2694	7151	1	3	0
0	0	1	0	1	0	1	0	2	2999	11046	1	2999	11046	1	2	0
0	0	1	0	1	0	0	0	1	1559	5127	1	1559	5127	1	2	0
0	0	1	0	1	0	1	0	2	2240	8517	2	2240	8517	2	3	0
0	0	1	0	1	0	0	0	2	2822	687	2	2822	687	2	3	0
0	0	1	0	1	0	1	0	1	2144	7206	1	2144	7206	1	2	0
0	0	1	0	1	0	1	0	2	4112	5293	2	4112	5293	2	3	0
0	0	1	0	1	0	0	0	1	2302	4503	1	2302	4503	1	3	0
0	0	1	0	1	0	1	0	3	2456	1981	2	2456	1981	2	3	0
0	0	1	0	1	0	0	0	2	2935	1607	2	2935	1607	2	3	0
0	0	1	0	1	0	1	0	2	3504	5558	2	3504	5558	2	3	0
0	1	0	0	1	0	0	0	1	4895	4367	1	4895	4367	1	2	0
0	1	0	0	1	0	1	0	1	9416	9317	1	9416	9317	1	1	1
0	1	0	0	1	0	0	0	1	1214	5944	1	1214	5944	1	1	1
0	1	0	0	1	0	1	0	1	2004	7062	1	2004	7062	1	2	0
0	1	0	0	1	0	1	0	1	2537	8333	1	2537	8333	1	1	1
0	1	0	0	1	0	0	0	1	1334	3255	2	1334	3255	2	3	0
0	1	0	0	1	0	1	0	1	1809	6421	1	1809	6421	1	1	1
0	1	0	0	1	0	0	0	1	1462	3190	1	1462	3190	1	1	1
0	1	0	0	1	0	0	0	2	2294	1615	2	2294	1615	2	3	0
0	1	0	0	1	0	0	0	1	1903	3879	1	1903	3879	1	2	0
0	1	0	0	1	0	1	0	1	2137	5964	1	2137	5964	1	1	1
0	1	0	0	1	0	0	0	1	2542	5976	1	2542	5976	1	2	0
0	1	0	0	1	0	0	0	2	3735	3055	1	3735	3055	1	2	0
0	1	0	0	1	0	1	0	2	3784	7845	1	3784	7845	1	3	0
0	1	0	0	1	0	1	0	2	2455	1037	2	2455	1037	2	3	0
0	1	0	0	1	0	1	0	2	3496	8149	1	3496	8149	1	3	0
0	1	0	0	1	0	1	0	1	1657	6108	1	1657	6108	1	3	0
0	1	0	0	1	0	0	0	2	2446	3712	1	2446	3712	1	3	0
0	1	0	0	1	0	1	0	2	2792	6086	1	2792	6086	1	3	0
0	1	0	0	1	0	0	0	2	1583	2647	2	1583	2647	2	3	0
0	1	0	0	1	0	1	0	2	2168	5829	1	2168	5829	1	3	0
0	1	0	0	1	0	0	0	2	1990	1296	2	1990	1296	2	3	0
0	1	0	0	1	0	0	0	3	8126	2783	2	8126	2783	2	3	0
1	0	0	0	1	0	0	0	1	2355	4255	2	2355	4255	2	3	0
1	0	0	0	1	0	0	0	1	3477	3192	1	3477	3192	1	1	1
1	0	0	0	1	0	1	0	1	1167	5758	1	1167	5758	1	3	0
1	0	0	0	1	0	1	0	1	1424	3038	1	1424	3038	1	3	0
1	0	0	0	1	0	0	0	1	13197	2912	1	13197	2912	1	3	0
1	0	0	0	1	0	1	0	1	1311	5166	1	1311	5166	1	3	0
1	0	0	0	1	0	1	0	1	1376	9606	2	1376	9606	2	3	0
1	0	0	0	1	0	0	0	2	17998	1895	1	17998	1895	1	1	1
1	0	0	0	1	0	0	0	3	10278	1328	1	10278	1328	1	3	0
1	0	0	1	0	0	0	0	1	2314	17101	2	2314	17101	2	3	0
1	0	0	1	0	0	0	0	1	1562	9221	2	1562	9221	2	2	1
1	0	0	1	0	0	0	0	1	2913	10624	2	2913	10624	2	3	0
1	0	0	1	0	0	0	0	1	1354	39123	2	1354	39123	2	3	0
0	0	1	1	0	0	0	0	1	3635	7898	2	3635	7898	2	2	0
0	0	1	1	0	0	0	0	1	2125	5952	2	2125	5952	2	3	0
0	0	1	1	0	0	0	0	1	2941	12130	2	2941	12130	2	3	0
0	0	1	1	0	0	0	0	1	2945	4677	2	2945	4677	2	3	0
0	0	1	1	0	0	0	0	1	4789	7465	2	4789	7465	2	3	0
0	0	1	1	0	0	0	0	1	2687	5565	2	2687	5565	2	3	0
0	0	1	1	0	0	0	0	1	4348	7780	2	4348	7780	2	3	0
0	0	1	1	0	0	0	0	1	2479	5863	2	2479	5863	2	3	0
0	0	1	1	0	0	0	0	1	2420	9712	2	2420	9712	2	3	0
0	0	1	1	0	0	0	0	1	5766	5531	2	5766	5531	2	3	0
0	0	1	1	0	0	0	0	1	2770	7307	2	2770	7307	2	3	0
0	0	1	1	0	0	0	0	1	4758	13202	2	4758	13202	2	3	0
1	0	0	0	0	1	0	0	1	5285	11194	2	5285	11194	2	3	0
1	0	0	0	0	1	0	1	1	1569	15957	2	1569	15957	2	2	1
1	0	0	0	0	1	0	0	1	1411	18545	2	1411	18545	2	3	0
1	0	0	0	0	1	0	1	1	1880	6211	2	1880	6211	2	3	0
1	0	0	0	0	1	0	1	1	2172	4155	2	2172	4155	2	3	0
1	0	0	0	0	1	0	1	1	4756	6612	2	4756	6612	2	3	0
0	0	1	0	0	1	0	0	1	5003	4163	2	5003	4163	2	3	0
0	0	1	0	0	1	0	0	1	2026	10117	2	2026	10117	2	3	0
0	0	1	0	0	1	0	1	1	3398	15283	2	3398	15283	2	2	0
0	0	1	0	0	1	0	0	1	2212	7994	2	2212	7994	2	2	0
0	0	1	0	0	1	0	0	1	1692	6837	2	1692	6837	2	2	0
0	0	1	0	0	1	0	1	1	6178	9675	2	6178	9675	2	3	0
0	0	1	0	0	1	0	0	1	4267	8500	2	4267	8500	2	2	0
0	0	1	0	0	1	0	1	1	3895	12587	2	3895	12587	2	3	0
0	0	1	0	0	1	0	1	1	2590	6695	2	2590	6695	2	3	0
0	0	1	0	0	1	0	0	1	3684	11691	2	3684	11691	2	3	0
0	0	1	0	0	1	0	1	1	3520	9277	2	3520	9277	2	3	0
0	1	0	0	0	1	0	1	1	4003	12947	2	4003	12947	2	2	1
0	1	0	0	0	1	0	0	1	2101	10676	2	2101	10676	2	2	1
0	1	0	0	0	1	0	0	1	1761	23395	2	1761	23395	2	3	0
1	0	0	0	1	0	0	0	1	3811	6314	2	3811	6314	2	3	0
1	0	0	0	1	0	0	0	1	1700	12139	2	1700	12139	2	3	0
1	0	0	0	1	0	1	0	1	1802	12001	2	1802	12001	2	2	1
1	0	0	0	1	0	0	0	1	1473	7570	2	1473	7570	2	2	1
1	0	0	0	1	0	1	0	1	4172	9011	2	4172	9011	2	3	0
1	0	0	0	1	0	0	0	1	3166	19042	2	3166	19042	2	3	0
1	0	0	0	1	0	1	0	1	1614	11848	2	1614	11848	2	2	0
1	0	0	0	1	0	1	0	1	2328	6092	2	2328	6092	2	3	0
1	0	0	0	1	0	1	0	1	3156	3275	2	3156	3275	2	3	0
0	0	1	0	1	0	1	0	1	3182	5713	2	3182	5713	2	3	0
0	0	1	0	1	0	0	0	1	1451	4579	2	1451	4579	2	3	0
0	0	1	0	1	0	1	0	1	2396	5713	2	2396	5713	2	3	0
0	0	1	0	1	0	1	0	1	2246	7121	2	2246	7121	2	3	0
0	0	1	0	1	0	0	0	1	1941	4251	2	1941	4251	2	3	0
0	0	1	0	1	0	1	0	1	1739	6801	2	1739	6801	2	3	0
0	0	1	0	1	0	0	0	1	3439	7747	2	3439	7747	2	3	0
0	0	1	0	1	0	1	0	1	5626	10409	2	5626	10409	2	2	1
0	0	1	0	1	0	0	0	1	2022	8963	2	2022	8963	2	3	0
0	0	1	0	1	0	0	0	1	2413	7597	2	2413	7597	2	3	0
0	0	1	0	1	0	1	0	1	2576	14883	2	2576	14883	2	3	0
0	0	1	0	1	0	0	0	1	1727	4259	2	1727	4259	2	3	0
0	1	0	0	1	0	0	0	1	5339	10635	2	5339	10635	2	2	1
0	1	0	0	1	0	1	0	1	3921	18129	2	3921	18129	2	2	1
0	1	0	0	1	0	1	0	1	1983	11417	2	1983	11417	2	3	0
1	0	0	1	0	0	0	0	1	3967	2991	2	3967	2991	2	1	1
1	0	0	1	0	0	0	0	1	1888	3130	1	1888	3130	1	2	0
1	0	0	1	0	0	0	0	1	3433	2386	1	3433	2386	1	1	1
1	0	0	1	0	0	0	0	1	1487	3437	1	1487	3437	1	1	1
1	0	0	1	0	0	0	0	1	2775	4485	2	2775	4485	2	2	1
1	0	0	1	0	0	0	0	1	1910	2427	1	1910	2427	1	2	0
1	0	0	1	0	0	0	0	1	1848	3802	1	1848	3802	1	3	0
1	0	0	1	0	0	0	0	1	1727	2467	2	1727	2467	2	3	0
1	0	0	1	0	0	0	0	1	1332	5658	1	1332	5658	1	1	1
1	0	0	1	0	0	0	0	2	3031	2103	2	3031	2103	2	2	1
1	0	0	1	0	0	0	0	2	6380	2309	1	6380	2309	1	2	0
1	0	0	1	0	0	0	0	2	3405	2045	1	3405	2045	1	2	0
1	0	0	1	0	0	0	0	2	1600	1003	2	1600	1003	2	2	0
1	0	0	1	0	0	0	0	2	2988	2939	1	2988	2939	1	2	0
1	0	0	1	0	0	0	0	3	1839	1098	2	1839	1098	2	2	0
1	0	0	1	0	0	0	0	3	4118	1147	2	4118	1147	2	2	0
1	0	0	1	0	0	0	0	3	4800	1347	2	4800	1347	2	2	0
1	0	0	1	0	0	0	0	2	7295	2770	1	7295	2770	1	2	0
1	0	0	1	0	0	0	0	3	1963	636	2	1963	636	2	2	1
0	1	0	1	0	0	0	0	1	3292	2915	1	3292	2915	1	1	1
0	1	0	1	0	0	0	0	1	1919	2385	1	1919	2385	1	2	0
0	1	0	1	0	0	0	0	1	2197	1917	1	2197	1917	1	1	1
0	1	0	1	0	0	0	0	1	2320	2750	1	2320	2750	1	1	1
0	1	0	1	0	0	0	0	1	1860	2417	1	1860	2417	1	1	1
0	1	0	1	0	0	0	0	1	1091	4509	1	1091	4509	1	1	1
0	1	0	1	0	0	0	0	1	1292	1371	1	1292	1371	1	1	1
0	1	0	1	0	0	0	0	1	1420	1971	1	1420	1971	1	2	0
0	1	0	1	0	0	0	0	1	1539	1603	1	1539	1603	1	1	1
0	1	0	1	0	0	0	0	1	1377	2286	1	1377	2286	1	1	1
0	1	0	1	0	0	0	0	1	2112	2427	1	2112	2427	1	1	1
0	1	0	1	0	0	0	0	1	2039	2700	1	2039	2700	1	2	0
0	1	0	1	0	0	0	0	2	2327	5313	1	2327	5313	1	1	1
0	1	0	1	0	0	0	0	2	3330	2403	1	3330	2403	1	1	1
0	1	0	1	0	0	0	0	2	1548	2795	1	1548	2795	1	1	1
0	1	0	1	0	0	0	0	2	2648	2298	1	2648	2298	1	1	1
0	1	0	1	0	0	0	0	2	2043	8555	1	2043	8555	1	2	0
0	1	0	1	0	0	0	0	2	2021	2034	1	2021	2034	1	1	1
0	1	0	1	0	0	0	0	2	1247	3219	1	1247	3219	1	1	1
0	1	0	1	0	0	0	0	2	1853	1826	1	1853	1826	1	2	0
0	1	0	1	0	0	0	0	2	2559	2598	1	2559	2598	1	1	1
0	1	0	1	0	0	0	0	3	1474	5219	1	1474	5219	1	1	1
0	1	0	1	0	0	0	0	3	2362	3020	1	2362	3020	1	1	1
0	1	0	1	0	0	0	0	3	2590	1497	1	2590	1497	1	1	1
0	1	0	1	0	0	0	0	3	2381	4709	1	2381	4709	1	1	1
0	1	0	1	0	0	0	0	3	7225	3137	1	7225	3137	1	1	1
0	1	0	1	0	0	0	0	3	1549	1675	1	1549	1675	1	1	1
0	1	0	1	0	0	0	0	3	4166	3028	1	4166	3028	1	1	1
0	1	0	1	0	0	0	0	4	6367	2891	1	6367	2891	1	2	0
0	1	0	1	0	0	0	0	4	3605	1659	1	3605	1659	1	1	1
0	1	0	1	0	0	0	0	4	3743	1876	1	3743	1876	1	1	1
0	1	0	1	0	0	0	0	4	2654	2002	1	2654	2002	1	1	1
0	1	0	1	0	0	0	0	4	2634	2203	1	2634	2203	1	2	0
0	0	1	1	0	0	0	0	1	4132	5268	2	4132	5268	2	2	0
0	0	1	1	0	0	0	0	1	1670	2539	2	1670	2539	2	1	1
0	0	1	1	0	0	0	0	1	1519	2098	1	1519	2098	1	1	1
0	0	1	1	0	0	0	0	1	1373	1597	1	1373	1597	1	1	1
0	0	1	1	0	0	0	0	1	2861	1332	1	2861	1332	1	1	1
0	0	1	1	0	0	0	0	1	1501	6269	1	1501	6269	1	2	0
0	0	1	1	0	0	0	0	1	1186	1485	1	1186	1485	1	1	1
0	0	1	1	0	0	0	0	1	1741	1570	1	1741	1570	1	2	0
0	0	1	1	0	0	0	0	1	1101	1371	1	1101	1371	1	1	1
0	0	1	1	0	0	0	0	1	924	1645	1	924	1645	1	1	1
0	0	1	1	0	0	0	0	1	1361	1584	1	1361	1584	1	1	1
0	0	1	1	0	0	0	0	1	1920	994	1	1920	994	1	1	1
0	0	1	1	0	0	0	0	2	4799	3699	1	4799	3699	1	2	0
0	0	1	1	0	0	0	0	2	1607	5338	1	1607	5338	1	2	0
0	0	1	1	0	0	0	0	2	1450	412	2	1450	412	2	2	0
0	0	1	1	0	0	0	0	2	2303	4922	1	2303	4922	1	1	1
0	0	1	1	0	0	0	0	2	1723	1421	1	1723	1421	1	2	0
0	0	1	1	0	0	0	0	2	1773	691	2	1773	691	2	2	1
0	0	1	1	0	0	0	0	2	1275	1470	1	1275	1470	1	2	0
0	0	1	1	0	0	0	0	2	1263	4707	1	1263	4707	1	2	0
0	0	1	1	0	0	0	0	2	1707	12068	1	1707	12068	1	1	1
0	0	1	1	0	0	0	0	2	1554	6579	1	1554	6579	1	1	1
0	0	1	1	0	0	0	0	3	2564	1162	2	2564	1162	2	2	0
0	0	1	1	0	0	0	0	3	1451	3157	2	1451	3157	2	1	1
0	0	1	1	0	0	0	0	3	950	3426	1	950	3426	1	2	0
0	0	1	1	0	0	0	0	3	1253	1853	2	1253	1853	2	2	1
0	0	1	1	0	0	0	0	3	1625	1034	2	1625	1034	2	2	1
0	0	1	1	0	0	0	0	3	1054	11075	2	1054	11075	2	2	1
0	0	1	1	0	0	0	0	3	1179	5566	1	1179	5566	1	1	1
0	0	1	1	0	0	0	0	3	1699	3835	1	1699	3835	1	1	1
0	0	1	1	0	0	0	0	4	1876	1507	2	1876	1507	2	2	1
0	0	1	1	0	0	0	0	4	1053	1555	1	1053	1555	1	1	1
0	0	1	1	0	0	0	0	4	1963	1869	1	1963	1869	1	1	1
0	0	1	1	0	0	0	0	5	1872	2131	1	1872	2131	1	1	1
0	0	1	1	0	0	0	0	5	944	2690	1	944	2690	1	2	0
0	0	1	1	0	0	0	0	6	1070	2307	1	1070	2307	1	2	0
0	0	1	1	0	0	0	0	6	991	619	2	991	619	2	2	0
0	0	1	1	0	0	0	0	7	576	210	2	576	210	2	2	0
0	0	1	1	0	0	0	0	2	4292	3790	1	4292	3790	1	2	0
0	0	1	1	0	0	0	0	3	1335	554	2	1335	554	2	2	0
0	0	1	1	0	0	0	0	4	1324	2036	1	1324	2036	1	2	0
0	0	1	1	0	0	0	0	5	1071	702	2	1071	702	2	2	0
1	0	0	0	0	1	0	0	1	4566	3090	2	4566	3090	2	1	1
1	0	0	0	0	1	0	1	1	2306	3095	2	2306	3095	2	2	0
1	0	0	0	0	1	0	0	1	4401	4819	2	4401	4819	2	3	0
1	0	0	0	0	1	0	1	1	2620	3195	1	2620	3195	1	1	1
1	0	0	0	0	1	0	0	1	3157	1532	1	3157	1532	1	1	1
1	0	0	0	0	1	0	1	1	3153	1794	1	3153	1794	1	2	0
1	0	0	0	0	1	0	1	1	5565	2507	1	5565	2507	1	1	1
1	0	0	0	0	1	0	1	1	1958	1146	1	1958	1146	1	1	1
1	0	0	0	0	1	0	1	1	3310	1859	1	3310	1859	1	1	1
1	0	0	0	0	1	0	1	2	7584	2890	1	7584	2890	1	2	0
1	0	0	0	0	1	0	1	2	2973	1482	2	2973	1482	2	2	1
1	0	0	0	0	1	0	0	2	4988	2590	1	4988	2590	1	1	1
1	0	0	0	0	1	0	1	2	2844	1316	1	2844	1316	1	2	0
1	0	0	0	0	1	0	1	2	3205	3046	1	3205	3046	1	1	1
1	0	0	0	0	1	0	1	3	4271	1075	2	4271	1075	2	3	0
1	0	0	0	0	1	0	1	2	8640	1389	1	8640	1389	1	1	1
1	0	0	0	0	1	0	0	3	4184	1771	1	4184	1771	1	2	0
1	0	0	0	0	1	0	1	3	1367	1551	2	1367	1551	2	3	0
1	0	0	0	0	1	0	1	3	2949	2299	1	2949	2299	1	2	0
1	0	0	0	0	1	0	1	3	4692	1516	1	4692	1516	1	2	0
1	0	0	0	0	1	0	0	4	2065	1323	2	2065	1323	2	2	0
1	0	0	0	0	1	0	1	4	1377	482	2	1377	482	2	2	1
1	0	0	0	0	1	0	1	4	3469	1092	2	3469	1092	2	2	0
1	0	0	0	0	1	0	0	2	5108	1498	1	5108	1498	1	2	0
1	0	0	0	0	1	0	0	3	1121	635	2	1121	635	2	1	1
1	0	0	0	0	1	0	0	4	13467	2859	1	13467	2859	1	2	0
1	0	0	0	0	1	0	0	5	1512	905	2	1512	905	2	2	1
0	1	0	0	0	1	0	1	1	4689	10319	1	4689	10319	1	1	1
0	1	0	0	0	1	0	0	1	3758	2867	1	3758	2867	1	1	1
0	1	0	0	0	1	0	1	1	2336	2571	1	2336	2571	1	2	0
0	1	0	0	0	1	0	0	1	1687	4619	1	1687	4619	1	1	1
0	1	0	0	0	1	0	1	1	1582	4570	1	1582	4570	1	1	1
0	1	0	0	0	1	0	0	1	1887	2028	1	1887	2028	1	1	1
0	1	0	0	0	1	0	0	1	3425	4980	1	3425	4980	1	2	0
0	1	0	0	0	1	0	0	1	5280	3889	1	5280	3889	1	2	0
0	1	0	0	0	1	0	1	1	2510	2875	1	2510	2875	1	2	0
0	1	0	0	0	1	0	1	1	2054	5045	1	2054	5045	1	2	0
0	1	0	0	0	1	0	1	1	2087	3460	1	2087	3460	1	1	1
0	1	0	0	0	1	0	1	2	4649	13068	1	4649	13068	1	1	1
0	1	0	0	0	1	0	0	2	4820	1603	1	4820	1603	1	1	1
0	1	0	0	0	1	0	0	2	1664	1859	1	1664	1859	1	1	1
0	1	0	0	0	1	0	0	2	1518	1956	1	1518	1956	1	1	1
0	1	0	0	0	1	0	1	2	1864	1369	1	1864	1369	1	1	1
0	1	0	0	0	1	0	0	1	4422	1754	1	4422	1754	1	1	1
0	1	0	0	0	1	0	1	2	1154	2344	1	1154	2344	1	1	1
0	1	0	0	0	1	0	0	3	2670	1532	1	2670	1532	1	1	1
0	1	0	0	0	1	0	1	3	2876	8730	1	2876	8730	1	1	1
0	1	0	0	0	1	0	0	3	4638	2196	1	4638	2196	1	1	1
0	1	0	0	0	1	0	0	3	3384	2835	1	3384	2835	1	1	1
0	1	0	0	0	1	0	1	3	4072	6643	1	4072	6643	1	1	1
0	0	1	0	0	1	0	0	1	4045	2786	1	4045	2786	1	1	1
0	0	1	0	0	1	0	0	1	2346	1584	1	2346	1584	1	1	1
0	0	1	0	0	1	0	1	1	1387	3461	1	1387	3461	1	1	1
0	0	1	0	0	1	0	0	1	1649	4731	1	1649	4731	1	1	1
0	0	1	0	0	1	0	0	1	1649	1739	1	1649	1739	1	1	1
0	0	1	0	0	1	0	1	1	1517	2050	1	1517	2050	1	1	1
0	0	1	0	0	1	0	0	1	2137	2442	1	2137	2442	1	1	1
0	0	1	0	0	1	0	1	1	2191	4780	1	2191	4780	1	1	1
0	0	1	0	0	1	0	1	1	9887	1947	1	9887	1947	1	1	1
0	0	1	0	0	1	0	0	1	2268	2236	1	2268	2236	1	1	1
0	0	1	0	0	1	0	1	1	2055	10346	1	2055	10346	1	1	1
0	0	1	0	0	1	0	1	1	1510	1226	1	1510	1226	1	1	1
0	0	1	0	0	1	0	1	2	4110	2645	1	4110	2645	1	1	1
0	0	1	0	0	1	0	0	2	2134	1339	1	2134	1339	1	1	1
0	0	1	0	0	1	0	0	2	2989	1051	1	2989	1051	1	3	0
0	0	1	0	0	1	0	0	2	1687	1875	1	1687	1875	1	1	1
0	0	1	0	0	1	0	1	2	1976	2643	1	1976	2643	1	1	1
0	0	1	0	0	1	0	0	2	4479	1457	1	4479	1457	1	1	1
0	0	1	0	0	1	0	1	2	1408	1027	1	1408	1027	1	2	0
0	0	1	0	0	1	0	0	2	1977	1029	1	1977	1029	1	1	1
0	0	1	0	0	1	0	1	2	1638	2353	1	1638	2353	1	1	1
0	0	1	0	0	1	0	0	2	4343	1587	1	4343	1587	1	1	1
0	0	1	0	0	1	0	1	2	3814	5930	1	3814	5930	1	1	1
0	0	1	0	0	1	0	0	3	2004	999	1	2004	999	1	1	1
0	0	1	0	0	1	0	1	3	5892	2075	1	5892	2075	1	1	1
0	0	1	0	0	1	0	1	2	2658	1745	1	2658	1745	1	1	1
0	0	1	0	0	1	0	0	3	9821	2499	1	9821	2499	1	1	1
0	0	1	0	0	1	0	1	3	2128	1403	1	2128	1403	1	1	1
0	0	1	0	0	1	0	1	3	2049	1269	1	2049	1269	1	1	1
0	0	1	0	0	1	0	0	3	2874	2252	1	2874	2252	1	1	1
1	0	0	0	1	0	0	0	1	7650	3933	2	7650	3933	2	2	0
1	0	0	0	1	0	0	0	1	2251	5146	2	2251	5146	2	2	0
1	0	0	0	1	0	0	0	1	4125	1604	1	4125	1604	1	1	1
1	0	0	0	1	0	1	0	1	3816	5625	1	3816	5625	1	2	0
1	0	0	0	1	0	0	0	1	1763	3947	1	1763	3947	1	2	0
1	0	0	0	1	0	1	0	1	2445	6724	1	2445	6724	1	2	0
1	0	0	0	1	0	0	0	1	2712	2667	1	2712	2667	1	1	1
1	0	0	0	1	0	1	0	1	3409	3939	1	3409	3939	1	1	1
1	0	0	0	1	0	1	0	1	3192	4403	1	3192	4403	1	2	0
1	0	0	0	1	0	0	0	2	2632	2477	1	2632	2477	1	1	1
1	0	0	0	1	0	1	0	2	1625	1252	2	1625	1252	2	2	0
1	0	0	0	1	0	0	0	2	1470	1136	2	1470	1136	2	2	1
1	0	0	0	1	0	1	0	2	12217	2803	2	12217	2803	2	2	0
1	0	0	0	1	0	0	0	2	2351	2342	1	2351	2342	1	2	0
1	0	0	0	1	0	1	0	2	2928	1476	1	2928	1476	1	2	0
1	0	0	0	1	0	0	0	3	6134	1927	1	6134	1927	1	2	0
1	0	0	0	1	0	1	0	2	1603	1192	2	1603	1192	2	2	0
1	0	0	0	1	0	0	0	3	3485	1159	2	3485	1159	2	2	0
1	0	0	0	1	0	1	0	3	35705	3021	2	35705	3021	2	2	0
1	0	0	0	1	0	0	0	4	2768	1741	2	2768	1741	2	2	0
0	1	0	0	1	0	0	0	1	8266	2963	1	8266	2963	1	2	0
0	1	0	0	1	0	1	0	1	4530	5178	1	4530	5178	1	2	0
0	1	0	0	1	0	0	0	1	3399	9408	1	3399	9408	1	2	0
0	1	0	0	1	0	1	0	1	1628	2852	1	1628	2852	1	1	1
0	1	0	0	1	0	1	0	1	1826	6209	1	1826	6209	1	1	1
0	1	0	0	1	0	0	0	1	1374	3672	1	1374	3672	1	1	1
0	1	0	0	1	0	1	0	1	2544	5813	1	2544	5813	1	1	1
0	1	0	0	1	0	0	0	1	2125	7119	1	2125	7119	1	1	1
0	1	0	0	1	0	0	0	1	2078	3046	1	2078	3046	1	1	1
0	1	0	0	1	0	1	0	1	1402	1451	1	1402	1451	1	1	1
0	1	0	0	1	0	0	0	1	3352	11727	1	3352	11727	1	1	1
0	1	0	0	1	0	1	0	1	4168	4452	1	4168	4452	1	2	0
0	1	0	0	1	0	1	0	2	1848	1830	1	1848	1830	1	2	0
0	1	0	0	1	0	0	0	2	1598	1912	1	1598	1912	1	2	0
0	1	0	0	1	0	1	0	2	2318	7869	1	2318	7869	1	1	1
0	1	0	0	1	0	1	0	2	1904	5836	1	1904	5836	1	2	0
0	1	0	0	1	0	0	0	2	1687	1991	1	1687	1991	1	1	1
0	1	0	0	1	0	0	0	2	1862	1999	1	1862	1999	1	1	1
0	1	0	0	1	0	1	0	2	4192	3021	1	4192	3021	1	1	1
0	1	0	0	1	0	0	0	2	2557	3679	1	2557	3679	1	1	1
0	1	0	0	1	0	1	0	3	1305	2908	1	1305	2908	1	1	1
0	1	0	0	1	0	0	0	3	2655	1782	1	2655	1782	1	1	1
0	1	0	0	1	0	0	0	3	15288	5374	1	15288	5374	1	1	1
0	1	0	0	1	0	0	0	3	2068	3040	1	2068	3040	1	2	0
0	1	0	0	1	0	1	0	3	2199	1868	1	2199	1868	1	2	0
0	1	0	0	1	0	1	0	4	3168	1388	1	3168	1388	1	2	0
0	0	1	0	1	0	1	0	1	3453	3098	1	3453	3098	1	1	1
0	0	1	0	1	0	1	0	1	1049	2700	1	1049	2700	1	1	1
0	0	1	0	1	0	1	0	1	1503	7869	1	1503	7869	1	1	1
0	0	1	0	1	0	0	0	1	1917	2559	1	1917	2559	1	1	1
0	0	1	0	1	0	1	0	1	1898	5564	1	1898	5564	1	1	1
0	0	1	0	1	0	0	0	1	1813	3247	1	1813	3247	1	1	1
0	0	1	0	1	0	1	0	1	7347	1139	1	7347	1139	1	2	0
0	0	1	0	1	0	0	0	1	1606	1575	1	1606	1575	1	1	1
0	0	1	0	1	0	0	0	1	2390	2694	1	2390	2694	1	1	1
0	0	1	0	1	0	1	0	1	2161	2140	1	2161	2140	1	1	1
0	0	1	0	1	0	0	0	1	1543	3615	1	1543	3615	1	1	1
0	0	1	0	1	0	1	0	2	11782	2733	1	11782	2733	1	2	0
0	0	1	0	1	0	1	0	2	1423	1613	1	1423	1613	1	1	1
0	0	1	0	1	0	1	0	2	1706	7372	1	1706	7372	1	2	0
0	0	1	0	1	0	0	0	2	3648	7916	1	3648	7916	1	2	0
